0 0.429948 0.132870 0.179688 0.252778
1 0.327344 0.558333 0.047396 0.107407
1 0.303646 0.816204 0.039583 0.067593
1 0.621875 0.263426 0.053125 0.110185
1 0.710156 0.068981 0.043229 0.067593
1 0.767188 0.511111 0.039583 0.057407
1 0.752604 0.549074 0.037500 0.050000
0 0.409375 0.370370 0.213542 0.307407
0 0.451042 0.562500 0.259375 0.395370
1 0.202083 0.454630 0.037500 0.068519
1 0.028125 0.281481 0.040625 0.064815
1 0.669792 0.200926 0.032292 0.083333
1 0.837760 0.043519 0.030729 0.042593
1 0.341146 0.859259 0.032292 0.064815
1 0.691927 0.501389 0.021354 0.030556
1 0.661458 0.418056 0.026042 0.076852
