0 0.420312 0.240278 0.215625 0.319444
0 0.435156 0.494444 0.286979 0.388889
0 0.424740 0.659259 0.303646 0.546296
1 0.704427 0.183333 0.039062 0.066667
1 0.838281 0.151852 0.026562 0.040741
1 0.838281 0.059722 0.040104 0.050926
1 0.633594 0.374537 0.038021 0.063889
1 0.628125 0.255556 0.033333 0.075926
1 0.664583 0.318981 0.029167 0.075000
1 0.190625 0.593981 0.043750 0.063889
1 0.316927 0.691667 0.046354 0.111111
1 0.298438 0.961574 0.036458 0.063889
1 0.769531 0.640278 0.041146 0.062037
1 0.089583 0.119907 0.038542 0.054630
1 0.047656 0.742593 0.035937 0.055556
1 0.260156 0.774074 0.045312 0.092593
1 0.660156 0.537963 0.028646 0.085185
