0 0.491146 0.396759 0.288542 0.352778
1 0.098698 0.256944 0.045312 0.050926
1 0.324479 0.127778 0.011458 0.048148
1 0.278906 0.135648 0.025521 0.045370
1 0.696615 0.276389 0.036979 0.050926
1 0.618490 0.254167 0.022396 0.062037
1 0.672135 0.160185 0.024479 0.037037
1 0.946615 0.527315 0.033854 0.056481
1 0.950000 0.496759 0.040625 0.049074
1 0.345313 0.625926 0.027083 0.062963
1 0.147917 0.148148 0.018750 0.035185
1 0.089323 0.752315 0.031771 0.058333
1 0.106771 0.933333 0.043750 0.098148
1 0.240885 0.861111 0.016146 0.022222
1 0.354427 0.850000 0.015104 0.042593
1 0.944271 0.851389 0.041667 0.045370
1 0.685156 0.551852 0.031771 0.031481
1 0.377865 0.349074 0.018229 0.029630
1 0.848177 0.372222 0.031771 0.072222
