0 0.502083 0.422222 0.317708 0.368519
1 0.279167 0.153241 0.028125 0.043519
1 0.147917 0.166204 0.017708 0.036111
1 0.688021 0.575000 0.026042 0.038889
1 0.089844 0.776389 0.032813 0.054630
1 0.242448 0.881944 0.017188 0.025000
1 0.698958 0.296296 0.029167 0.051852
1 0.673698 0.177315 0.024479 0.032407
1 0.100781 0.276389 0.041146 0.065741
1 0.346615 0.645370 0.033854 0.057407
1 0.949479 0.550000 0.032292 0.051852
1 0.619271 0.276852 0.022917 0.064815
1 0.354687 0.871296 0.014583 0.046296
1 0.107031 0.950000 0.042188 0.098148
1 0.378125 0.371759 0.021875 0.041667
1 0.850781 0.393981 0.032813 0.065741
1 0.659115 0.777315 0.020313 0.032407
