0 0.505729 0.441204 0.330208 0.363889
1 0.622656 0.293519 0.023438 0.057407
1 0.702604 0.315278 0.031250 0.052778
1 0.676823 0.197685 0.020313 0.030556
1 0.101562 0.295370 0.037500 0.059259
1 0.282031 0.172685 0.028646 0.047222
1 0.092708 0.799537 0.035417 0.060185
1 0.150000 0.188889 0.019792 0.037037
1 0.244531 0.908333 0.016146 0.027778
1 0.358073 0.894444 0.015104 0.044444
1 0.176302 0.818981 0.015104 0.026852
1 0.690885 0.595833 0.028646 0.026852
1 0.952604 0.536574 0.032292 0.041667
1 0.854167 0.417130 0.030208 0.065741
1 0.722135 0.112037 0.035937 0.024074
1 0.379948 0.389352 0.023438 0.034259
1 0.347917 0.665741 0.032292 0.053704
1 0.388802 0.743056 0.017188 0.049074
1 0.952604 0.898148 0.039583 0.048148
1 0.305990 0.854167 0.011979 0.026852
1 0.907031 0.057407 0.018229 0.025926
