0 0.510677 0.468056 0.314063 0.358333
1 0.707552 0.338889 0.031771 0.050000
1 0.961458 0.597685 0.033333 0.056481
1 0.910417 0.081481 0.017708 0.031481
1 0.102083 0.320833 0.038542 0.063889
1 0.094792 0.824074 0.033333 0.059259
1 0.349479 0.693056 0.032292 0.056481
1 0.359375 0.919444 0.015625 0.048148
1 0.244792 0.929630 0.016667 0.025926
1 0.627604 0.319444 0.023958 0.053704
1 0.284115 0.193519 0.028646 0.048148
1 0.681250 0.219907 0.019792 0.036111
1 0.858854 0.443056 0.030208 0.067593
1 0.308073 0.879630 0.013021 0.029630
1 0.152865 0.207407 0.019271 0.033333
1 0.696354 0.618519 0.030208 0.027778
1 0.392188 0.764352 0.020833 0.054630
1 0.267969 0.463889 0.013021 0.038889
1 0.381771 0.414815 0.021875 0.035185
1 0.329167 0.190278 0.015625 0.052778
