0 0.516406 0.513889 0.313021 0.400000
1 0.333333 0.211574 0.013542 0.049074
1 0.104167 0.343056 0.041667 0.060185
1 0.154948 0.229167 0.020313 0.034259
1 0.288542 0.216667 0.028125 0.038889
1 0.684896 0.244444 0.023958 0.035185
1 0.632031 0.341204 0.020313 0.062037
1 0.096615 0.843519 0.032813 0.055556
1 0.965885 0.618981 0.032813 0.050926
1 0.965104 0.584722 0.039583 0.039815
1 0.711719 0.362037 0.029687 0.050000
1 0.700521 0.643056 0.031250 0.037963
1 0.364583 0.944444 0.017708 0.050000
1 0.249479 0.954630 0.017708 0.029630
1 0.355208 0.710648 0.026042 0.052778
1 0.915365 0.099537 0.018229 0.026852
1 0.862500 0.463889 0.033333 0.055556
1 0.015365 0.327778 0.025521 0.035185
1 0.310677 0.904167 0.011979 0.036111
1 0.879167 0.023148 0.019792 0.024074
1 0.384635 0.433796 0.025521 0.043519
