0 0.520052 0.520370 0.315104 0.362963
1 0.111458 0.367593 0.040625 0.062963
1 0.021354 0.349074 0.030208 0.035185
1 0.293229 0.235648 0.026042 0.049074
1 0.339323 0.231944 0.019271 0.052778
1 0.884375 0.043519 0.019792 0.029630
1 0.919271 0.121296 0.021875 0.035185
1 0.970052 0.606944 0.033854 0.039815
1 0.971354 0.642130 0.032292 0.056481
1 0.102865 0.866204 0.031771 0.065741
1 0.361719 0.740741 0.029687 0.059259
1 0.404167 0.812500 0.016667 0.045370
1 0.370312 0.966204 0.016667 0.056481
1 0.256250 0.977778 0.019792 0.027778
1 0.316927 0.926389 0.013021 0.032407
1 0.719010 0.384722 0.029687 0.052778
1 0.636198 0.363426 0.020313 0.060185
1 0.691406 0.263426 0.026562 0.039815
1 0.870052 0.485648 0.031771 0.060185
1 0.160417 0.252778 0.019792 0.035185
1 0.705990 0.666204 0.031771 0.032407
1 0.966927 0.971296 0.043229 0.051852
1 0.737760 0.175463 0.039062 0.028704
1 0.393490 0.453704 0.026562 0.037037
