0 0.529687 0.530556 0.312500 0.340741
1 0.725521 0.404630 0.031250 0.053704
1 0.117708 0.384722 0.042708 0.071296
1 0.026562 0.367130 0.031250 0.036111
1 0.345833 0.253704 0.015625 0.048148
1 0.300260 0.257870 0.028646 0.045370
1 0.166406 0.270370 0.021354 0.029630
1 0.109115 0.887963 0.034896 0.057407
1 0.366146 0.760185 0.034375 0.068519
1 0.878906 0.502315 0.034896 0.063889
1 0.714583 0.689352 0.030208 0.034259
1 0.892448 0.060648 0.015104 0.028704
1 0.699479 0.283333 0.020833 0.037037
1 0.645052 0.378704 0.019271 0.064815
1 0.980469 0.663889 0.030729 0.055556
1 0.976823 0.625926 0.033854 0.038889
1 0.464583 0.877315 0.022917 0.036111
1 0.325781 0.944444 0.015104 0.025926
1 0.745313 0.199537 0.037500 0.030556
