0 0.538021 0.565278 0.315625 0.367593
1 0.031771 0.393519 0.035417 0.046296
1 0.172135 0.291667 0.023438 0.037037
1 0.122656 0.405093 0.042188 0.060185
1 0.305990 0.276852 0.025521 0.046296
1 0.351562 0.274074 0.016667 0.051852
1 0.652604 0.407407 0.023958 0.068519
1 0.733073 0.426852 0.030729 0.053704
1 0.706250 0.308796 0.023958 0.043519
1 0.898438 0.081481 0.016667 0.027778
1 0.884896 0.530093 0.033333 0.065741
1 0.376042 0.781019 0.031250 0.062037
1 0.470833 0.898611 0.021875 0.030556
1 0.720833 0.711574 0.029167 0.028704
1 0.936458 0.158333 0.017708 0.029630
1 0.984115 0.648148 0.031771 0.044444
1 0.114323 0.911111 0.034896 0.057407
1 0.416927 0.852315 0.020313 0.050926
1 0.404948 0.498611 0.021354 0.030556
1 0.751563 0.219444 0.039583 0.029630
