0 0.542708 0.593981 0.317708 0.358333
0 0.577083 0.235648 0.311458 0.447222
1 0.130469 0.433333 0.040104 0.068519
1 0.037760 0.417593 0.026562 0.035185
1 0.312240 0.302315 0.025521 0.043519
1 0.360677 0.299537 0.020313 0.050926
1 0.658333 0.430093 0.021875 0.056481
1 0.121354 0.935648 0.035417 0.056481
1 0.893490 0.552778 0.028646 0.062963
1 0.729948 0.737037 0.033854 0.031481
1 0.741927 0.453241 0.026562 0.047222
1 0.714323 0.331481 0.023438 0.038889
1 0.179688 0.318981 0.017708 0.028704
1 0.383073 0.807407 0.031771 0.057407
1 0.943490 0.181944 0.017188 0.028704
1 0.906771 0.105556 0.016667 0.027778
1 0.412240 0.526852 0.026562 0.033333
