0 0.584896 0.260648 0.310417 0.439815
0 0.554167 0.623148 0.325000 0.359259
1 0.135156 0.453241 0.041146 0.060185
1 0.046094 0.447685 0.030729 0.041667
1 0.319010 0.325926 0.025521 0.050000
1 0.496354 0.035648 0.017708 0.026852
1 0.913542 0.127778 0.018750 0.029630
1 0.949479 0.201389 0.018750 0.032407
1 0.736198 0.758333 0.031771 0.035185
1 0.130469 0.961574 0.033854 0.060185
1 0.186458 0.341204 0.018750 0.032407
1 0.720833 0.355556 0.026042 0.038889
1 0.898958 0.574074 0.032292 0.062963
1 0.389844 0.832870 0.031771 0.052778
1 0.418229 0.549074 0.025000 0.042593
1 0.665365 0.456481 0.022396 0.059259
1 0.365104 0.320833 0.016667 0.050926
1 0.255469 0.701389 0.022396 0.052778
1 0.747135 0.477778 0.028646 0.053704
1 0.765885 0.266667 0.038021 0.031481
1 0.486979 0.947685 0.021875 0.032407
