0 0.427344 0.203704 0.234896 0.392593
0 0.434375 0.503241 0.288542 0.406481
0 0.432292 0.687500 0.321875 0.547222
1 0.708073 0.207407 0.040104 0.064815
1 0.841927 0.168056 0.029687 0.054630
1 0.190625 0.623611 0.035417 0.063889
1 0.665885 0.563426 0.027604 0.084259
1 0.767708 0.701389 0.021875 0.050926
1 0.776563 0.656944 0.039583 0.069444
1 0.667188 0.337037 0.029167 0.074074
1 0.628906 0.276389 0.039062 0.086111
1 0.624479 0.195833 0.053125 0.106481
1 0.843490 0.075000 0.030729 0.053704
1 0.041406 0.768981 0.028646 0.043519
1 0.087500 0.145833 0.033333 0.047222
1 0.696094 0.648148 0.023438 0.038889
1 0.264323 0.801852 0.040104 0.083333
