0 0.594271 0.287037 0.317708 0.438889
0 0.561458 0.643056 0.315625 0.349074
1 0.050521 0.468056 0.028125 0.036111
1 0.142969 0.480093 0.039062 0.060185
1 0.729167 0.371759 0.026042 0.037963
1 0.673958 0.478704 0.025000 0.057407
1 0.426563 0.571296 0.021875 0.044444
1 0.326562 0.345833 0.027083 0.052778
1 0.955990 0.222222 0.018229 0.038889
1 0.907292 0.593981 0.035417 0.060185
1 0.745052 0.781944 0.030729 0.030556
1 0.494271 0.972222 0.018750 0.033333
1 0.395573 0.853704 0.033854 0.061111
1 0.265365 0.723611 0.027604 0.050926
1 0.502865 0.057870 0.017188 0.026852
1 0.772917 0.287963 0.035417 0.025926
1 0.753385 0.498148 0.032813 0.051852
