0 0.604427 0.266667 0.319271 0.527778
0 0.566927 0.671296 0.318229 0.348148
1 0.058073 0.489815 0.030729 0.038889
1 0.151042 0.504630 0.038542 0.059259
1 0.333594 0.377315 0.026562 0.049074
1 0.927344 0.169907 0.016146 0.030556
1 0.508333 0.081019 0.019792 0.032407
1 0.433594 0.593981 0.021354 0.036111
1 0.404687 0.878704 0.035417 0.068519
1 0.682552 0.498611 0.026562 0.060185
1 0.914844 0.615278 0.033854 0.065741
1 0.761458 0.521759 0.030208 0.052778
1 0.752604 0.807407 0.028125 0.027778
1 0.378385 0.371296 0.015104 0.046296
1 0.733594 0.398611 0.026562 0.041667
1 0.779948 0.309722 0.033854 0.025000
