0 0.578385 0.693056 0.316146 0.349074
0 0.612500 0.293056 0.312500 0.539815
1 0.069271 0.525000 0.027083 0.042593
1 0.162240 0.532407 0.043229 0.062963
1 0.340885 0.399537 0.024479 0.041667
1 0.389583 0.395370 0.017708 0.055556
1 0.688802 0.522685 0.021354 0.065741
1 0.925781 0.640741 0.031771 0.059259
1 0.415625 0.903704 0.034375 0.059259
1 0.209115 0.419444 0.017188 0.027778
1 0.514844 0.109722 0.020313 0.030556
1 0.932813 0.188426 0.016667 0.026852
1 0.744792 0.422685 0.023958 0.036111
1 0.764323 0.829630 0.034896 0.031481
