0 0.625000 0.320370 0.328125 0.542593
0 0.588021 0.722222 0.320833 0.346296
1 0.355469 0.425463 0.030729 0.050926
1 0.781771 0.571296 0.030208 0.055556
1 0.774219 0.854167 0.025521 0.030556
1 0.754427 0.445833 0.022396 0.037963
1 0.171615 0.561111 0.039062 0.059259
1 0.426823 0.935185 0.031771 0.062963
1 0.700521 0.550463 0.020833 0.062037
1 0.942708 0.213889 0.014583 0.024074
1 0.934896 0.662500 0.030208 0.065741
1 0.080208 0.547685 0.032292 0.034259
1 0.526563 0.131019 0.016667 0.023148
1 0.398698 0.421296 0.014063 0.053704
