0 0.632812 0.355093 0.309375 0.550926
0 0.597917 0.757870 0.314583 0.369444
1 0.181510 0.587963 0.039062 0.064815
1 0.361198 0.452315 0.025521 0.045370
1 0.709896 0.576389 0.023958 0.060185
1 0.940625 0.684722 0.029167 0.063889
1 0.781771 0.877778 0.030208 0.035185
1 0.532031 0.161111 0.020313 0.024074
1 0.408333 0.449537 0.015625 0.045370
1 0.310417 0.040741 0.025000 0.064815
1 0.376042 0.036574 0.015625 0.025000
1 0.947917 0.237500 0.016667 0.021296
1 0.762760 0.473148 0.022396 0.033333
1 0.789583 0.590278 0.031250 0.047222
1 0.438542 0.961574 0.028125 0.060185
1 0.984115 0.314352 0.018229 0.028704
1 0.028906 0.941667 0.020313 0.033333
1 0.053646 0.060185 0.020833 0.044444
