0 0.636979 0.376852 0.317708 0.546296
0 0.605990 0.770370 0.314063 0.351852
1 0.186979 0.611111 0.040625 0.066667
1 0.093229 0.603704 0.033333 0.044444
1 0.365365 0.475463 0.027604 0.045370
1 0.411979 0.468981 0.018750 0.041667
1 0.312240 0.060648 0.025521 0.067593
1 0.378906 0.054167 0.016146 0.032407
1 0.766927 0.488889 0.020313 0.037037
1 0.714583 0.590278 0.020833 0.060185
1 0.947396 0.703704 0.028125 0.064815
1 0.789062 0.895370 0.030208 0.029630
1 0.468750 0.692130 0.021875 0.043519
1 0.810677 0.400000 0.033854 0.029630
1 0.953125 0.252778 0.016667 0.029630
1 0.055729 0.084722 0.021875 0.043519
1 0.029167 0.546759 0.020833 0.041667
1 0.031510 0.964352 0.028646 0.041667
1 0.537760 0.178704 0.022396 0.035185
