0 0.639323 0.393519 0.316146 0.544444
0 0.604688 0.787037 0.320833 0.350000
1 0.414062 0.487963 0.017708 0.044444
1 0.366927 0.491204 0.026562 0.045370
1 0.188802 0.629167 0.043229 0.060185
1 0.767448 0.504167 0.018229 0.036111
1 0.716667 0.610648 0.019792 0.050926
1 0.035156 0.981019 0.025521 0.037963
1 0.795052 0.627778 0.031771 0.051852
1 0.470313 0.704630 0.025000 0.040741
1 0.381250 0.070833 0.012500 0.028704
1 0.315365 0.082407 0.025521 0.066667
1 0.058073 0.099537 0.016146 0.034259
1 0.021354 0.130556 0.021875 0.040741
1 0.018490 0.021759 0.019271 0.032407
1 0.539583 0.194907 0.018750 0.034259
1 0.956510 0.266667 0.016146 0.027778
1 0.948438 0.717130 0.033333 0.069444
1 0.792448 0.909259 0.028646 0.027778
1 0.095833 0.620370 0.029167 0.035185
