0 0.641146 0.405556 0.318750 0.538889
0 0.609115 0.803704 0.322396 0.342593
1 0.416667 0.504167 0.014583 0.041667
1 0.720052 0.621759 0.020313 0.062037
1 0.036979 0.586574 0.026042 0.037963
1 0.190365 0.651852 0.043229 0.068519
1 0.798438 0.642130 0.030208 0.050926
1 0.795312 0.927315 0.027083 0.026852
1 0.953646 0.732870 0.027083 0.063889
1 0.771354 0.517593 0.021875 0.033333
1 0.370312 0.506944 0.027083 0.047222
1 0.059115 0.124074 0.020313 0.035185
1 0.019271 0.038889 0.020833 0.038889
1 0.957292 0.278704 0.015625 0.027778
1 0.473177 0.723611 0.020313 0.037963
1 0.315625 0.096296 0.026042 0.068519
1 0.383073 0.087500 0.011979 0.028704
1 0.239063 0.530093 0.016667 0.036111
