0 0.643750 0.419444 0.314583 0.540741
1 0.194792 0.662963 0.034375 0.059259
1 0.372396 0.519907 0.027083 0.050926
1 0.249740 0.224537 0.030729 0.045370
1 0.318229 0.112500 0.031250 0.060185
1 0.544010 0.225000 0.018229 0.025926
1 0.383333 0.097685 0.016667 0.025000
1 0.059635 0.137500 0.020313 0.041667
1 0.102604 0.650000 0.031250 0.029630
1 0.724479 0.636574 0.025000 0.056481
1 0.798177 0.940278 0.031771 0.030556
1 0.773958 0.531944 0.021875 0.039815
1 0.021875 0.052778 0.018750 0.042593
1 0.908594 0.178704 0.021354 0.035185
1 0.960938 0.288889 0.015625 0.035185
1 0.956771 0.742593 0.031250 0.064815
1 0.476823 0.737500 0.021354 0.036111
1 0.419010 0.514815 0.014063 0.050000
1 0.241406 0.543981 0.020313 0.032407
1 0.817708 0.442130 0.035417 0.026852
1 0.802604 0.651389 0.027083 0.045370
