0 0.649219 0.440278 0.319271 0.558333
1 0.386979 0.114352 0.013542 0.028704
1 0.103646 0.668981 0.033333 0.036111
1 0.375260 0.538426 0.026562 0.043519
1 0.478906 0.754630 0.025521 0.037037
1 0.197135 0.680556 0.036979 0.053704
1 0.964583 0.304630 0.015625 0.035185
1 0.727083 0.651389 0.021875 0.056481
1 0.025781 0.177315 0.020313 0.043519
1 0.804688 0.669444 0.031250 0.051852
1 0.778125 0.547222 0.021875 0.038889
1 0.960677 0.760185 0.028646 0.062963
1 0.801823 0.958333 0.031771 0.035185
1 0.039583 0.620370 0.019792 0.046296
1 0.320312 0.125926 0.027083 0.074074
1 0.024740 0.069907 0.020313 0.037963
1 0.734375 0.031944 0.029167 0.062037
1 0.422656 0.535648 0.013021 0.045370
1 0.546615 0.240741 0.017188 0.029630
1 0.821615 0.459722 0.035937 0.030556
1 0.251042 0.243981 0.034375 0.049074
1 0.069271 0.100926 0.021875 0.048148
