1 0.030990 0.207870 0.020313 0.041667
1 0.325781 0.159259 0.024479 0.061111
1 0.391927 0.141667 0.013021 0.027778
1 0.383073 0.567130 0.022396 0.052778
0 0.657813 0.486111 0.316667 0.572222
1 0.733594 0.685185 0.028646 0.055556
1 0.205208 0.712037 0.041667 0.057407
1 0.738802 0.059722 0.034896 0.056481
1 0.250521 0.592130 0.021875 0.032407
1 0.485156 0.785648 0.025521 0.032407
1 0.428646 0.563889 0.014583 0.055556
1 0.811458 0.696759 0.032292 0.050926
1 0.782292 0.575926 0.023958 0.040741
1 0.965625 0.782407 0.032292 0.059259
1 0.551302 0.270370 0.023438 0.024074
1 0.969271 0.332407 0.015625 0.027778
1 0.046094 0.650000 0.023438 0.042593
1 0.918229 0.220833 0.026042 0.036111
1 0.028646 0.101389 0.021875 0.036111
1 0.111979 0.700000 0.027083 0.033333
1 0.076042 0.133333 0.016667 0.048148
1 0.067969 0.183333 0.023438 0.038889
1 0.202344 0.221296 0.017188 0.033333
1 0.826823 0.484259 0.034896 0.025926
1 0.810417 0.983333 0.030208 0.027778
