0 0.656510 0.485648 0.310937 0.549074
1 0.030990 0.112500 0.026562 0.036111
1 0.049219 0.060185 0.013021 0.027778
1 0.326562 0.168519 0.026042 0.068519
1 0.394792 0.156481 0.012500 0.027778
1 0.207031 0.721296 0.036979 0.062963
1 0.113802 0.712963 0.028646 0.037037
1 0.487500 0.796296 0.021875 0.042593
1 0.734375 0.692593 0.025000 0.064815
1 0.813542 0.706944 0.030208 0.047222
1 0.429427 0.576389 0.016146 0.050926
1 0.070833 0.196759 0.021875 0.047222
1 0.033333 0.220833 0.021875 0.041667
1 0.740625 0.071296 0.031250 0.064815
1 0.919010 0.231019 0.025521 0.045370
1 0.970573 0.341667 0.018229 0.027778
