0 0.655990 0.495833 0.319271 0.549074
1 0.114062 0.718519 0.029167 0.038889
1 0.050000 0.069907 0.015625 0.026852
1 0.071094 0.206481 0.023438 0.044444
1 0.034896 0.231019 0.018750 0.039815
1 0.328385 0.180093 0.024479 0.063889
1 0.393490 0.164815 0.015104 0.031481
1 0.740104 0.081481 0.033333 0.062963
1 0.969792 0.350926 0.019792 0.029630
1 0.733854 0.697222 0.021875 0.057407
1 0.814583 0.713426 0.032292 0.049074
1 0.784896 0.591204 0.027083 0.030556
1 0.032552 0.122685 0.020313 0.037963
1 0.205990 0.731019 0.040104 0.060185
1 0.385417 0.586111 0.027083 0.046296
1 0.553385 0.289815 0.019271 0.029630
1 0.968229 0.801389 0.030208 0.067593
1 0.486198 0.802778 0.027604 0.042593
1 0.918229 0.243056 0.020833 0.037963
