0 0.655729 0.508333 0.309375 0.540741
1 0.785156 0.600926 0.023438 0.038889
1 0.813021 0.723611 0.031250 0.056481
1 0.385677 0.594444 0.027604 0.048148
1 0.209115 0.737963 0.041146 0.062963
1 0.117448 0.731019 0.025521 0.041667
1 0.079167 0.165741 0.018750 0.048148
1 0.035156 0.241667 0.021354 0.035185
1 0.033854 0.133333 0.025000 0.037037
1 0.329427 0.188889 0.024479 0.068519
1 0.394010 0.175463 0.014063 0.028704
1 0.967969 0.813426 0.028646 0.069444
1 0.733333 0.708796 0.022917 0.056481
1 0.431510 0.594907 0.018229 0.043519
1 0.488281 0.813426 0.023438 0.043519
1 0.740625 0.090278 0.028125 0.067593
1 0.917969 0.254630 0.027604 0.050000
1 0.252604 0.621296 0.019792 0.033333
1 0.050260 0.680556 0.019271 0.040741
1 0.968229 0.359722 0.016667 0.026852
1 0.827604 0.511574 0.036458 0.028704
1 0.552604 0.299074 0.020833 0.033333
1 0.232552 0.135648 0.013021 0.021296
