0 0.655990 0.522685 0.313021 0.549074
1 0.327344 0.203704 0.024479 0.068519
1 0.079687 0.177315 0.017708 0.045370
1 0.032031 0.145370 0.021354 0.029630
1 0.035677 0.254630 0.020313 0.038889
1 0.050521 0.093056 0.012500 0.037963
1 0.394010 0.187500 0.013021 0.025000
1 0.231771 0.145370 0.014583 0.024074
1 0.553385 0.310648 0.019271 0.026852
1 0.739844 0.100926 0.029687 0.059259
1 0.813021 0.737037 0.034375 0.053704
1 0.733333 0.721759 0.023958 0.052778
1 0.784115 0.613426 0.023438 0.037963
1 0.968750 0.825000 0.030208 0.068519
1 0.968490 0.371296 0.017188 0.027778
1 0.916406 0.263426 0.022396 0.034259
1 0.206771 0.756019 0.038542 0.062037
1 0.383073 0.609259 0.027604 0.042593
1 0.430208 0.605556 0.015625 0.046296
1 0.114844 0.744907 0.026562 0.039815
1 0.485677 0.826389 0.024479 0.036111
