1 0.232031 0.955093 0.030729 0.063889
1 0.177604 0.878704 0.045833 0.090741
1 0.920312 0.896759 0.038542 0.087963
0 0.490625 0.832870 0.326042 0.334259
0 0.957292 0.675926 0.045833 0.103704
0 0.061198 0.533796 0.121354 0.663889
1 0.214844 0.561574 0.041146 0.071296
1 0.660156 0.499537 0.026562 0.050926
0 0.463281 0.407870 0.275521 0.615741
0 0.847396 0.362963 0.059375 0.109259
1 0.540885 0.530093 0.035937 0.058333
1 0.886198 0.276852 0.070312 0.114815
1 0.664323 0.158796 0.054688 0.093519
1 0.908333 0.156481 0.036458 0.088889
1 0.950781 0.169444 0.040104 0.072222
