1 0.226823 0.975000 0.029687 0.050000
1 0.172917 0.906481 0.045833 0.090741
1 0.913021 0.931944 0.038542 0.087963
0 0.485156 0.849537 0.323437 0.300926
0 0.953646 0.706481 0.045833 0.103704
1 0.213281 0.586574 0.041146 0.071296
1 0.654948 0.533796 0.026562 0.050926
0 0.459115 0.431944 0.275521 0.615741
0 0.836458 0.396296 0.059375 0.109259
1 0.534115 0.554167 0.035937 0.058333
1 0.884115 0.304630 0.070312 0.114815
1 0.661719 0.185648 0.054688 0.093519
1 0.906771 0.175000 0.036458 0.088889
1 0.951302 0.198148 0.040104 0.072222
1 0.783073 0.036574 0.049479 0.058333
1 0.817187 0.042130 0.041667 0.071296
