1 0.170833 0.928704 0.045833 0.090741
1 0.911979 0.956019 0.038542 0.087963
0 0.482812 0.867593 0.327083 0.264815
0 0.952083 0.743519 0.045833 0.103704
1 0.213281 0.586574 0.041146 0.071296
1 0.654948 0.559722 0.026562 0.050926
0 0.454427 0.481944 0.275521 0.615741
0 0.834375 0.430556 0.059375 0.109259
1 0.532552 0.592130 0.035937 0.058333
1 0.879427 0.319444 0.070312 0.114815
1 0.658073 0.213426 0.054688 0.093519
1 0.904167 0.211111 0.036458 0.088889
1 0.946615 0.230556 0.040104 0.072222
1 0.783073 0.065278 0.049479 0.058333
1 0.816667 0.070833 0.041667 0.071296
