1 0.171875 0.954630 0.045833 0.090741
0 0.482292 0.881019 0.329167 0.237963
0 0.947917 0.769444 0.045833 0.103704
1 0.209635 0.644907 0.041146 0.071296
1 0.656510 0.581944 0.026562 0.050926
0 0.453385 0.470833 0.275521 0.615741
0 0.830208 0.462037 0.059375 0.109259
1 0.530990 0.618981 0.035937 0.058333
1 0.878385 0.365741 0.070312 0.114815
1 0.658073 0.242130 0.054688 0.093519
1 0.901563 0.236111 0.036458 0.088889
1 0.947917 0.251389 0.045833 0.075000
1 0.780469 0.095833 0.049479 0.058333
1 0.817708 0.096759 0.041667 0.071296
