0 0.480208 0.899074 0.323958 0.201852
0 0.947917 0.794444 0.045833 0.103704
1 0.209635 0.665278 0.041146 0.071296
1 0.655469 0.616204 0.026562 0.050926
0 0.455729 0.510648 0.284375 0.599074
0 0.832812 0.482407 0.059375 0.109259
1 0.531510 0.638426 0.035937 0.058333
1 0.876823 0.389815 0.070312 0.114815
1 0.659635 0.270833 0.054688 0.093519
1 0.898958 0.264815 0.036458 0.088889
1 0.942708 0.281944 0.045833 0.075000
1 0.782031 0.123611 0.049479 0.058333
1 0.818229 0.128241 0.041667 0.071296
1 0.922396 0.041204 0.047917 0.080556
0 0.738021 0.064352 0.115625 0.126852
0 0.442708 0.125926 0.330208 0.250000
