0 0.947917 0.819444 0.045833 0.103704
1 0.206510 0.686574 0.041146 0.071296
1 0.650781 0.633796 0.026562 0.050926
0 0.445573 0.552315 0.299479 0.602778
0 0.832292 0.512037 0.059375 0.109259
1 0.531510 0.660648 0.035937 0.058333
1 0.876302 0.410185 0.070312 0.114815
1 0.660677 0.293981 0.054688 0.093519
1 0.897917 0.293519 0.036458 0.088889
1 0.945312 0.306944 0.045833 0.075000
1 0.782031 0.149537 0.049479 0.058333
1 0.815625 0.156481 0.041667 0.072222
1 0.917188 0.063426 0.047917 0.080556
0 0.740365 0.075463 0.114062 0.149074
0 0.439844 0.125463 0.324479 0.249074
