0 0.946875 0.842593 0.045833 0.103704
1 0.207552 0.711574 0.041146 0.071296
1 0.649219 0.661574 0.026562 0.050926
0 0.440365 0.571759 0.299479 0.602778
0 0.827604 0.533333 0.059375 0.109259
1 0.530469 0.687500 0.035937 0.058333
1 0.878385 0.442593 0.070312 0.114815
1 0.655990 0.316204 0.054688 0.093519
1 0.900000 0.315741 0.036458 0.088889
1 0.943750 0.334722 0.045833 0.075000
1 0.782031 0.170833 0.049479 0.058333
1 0.816667 0.181481 0.041667 0.072222
1 0.917708 0.088426 0.047917 0.080556
0 0.742448 0.086111 0.109896 0.170370
0 0.438021 0.134722 0.328125 0.267593
