0 0.947396 0.873148 0.045833 0.103704
1 0.205469 0.732870 0.041146 0.071296
1 0.650781 0.684722 0.026562 0.050926
0 0.445573 0.600463 0.299479 0.602778
0 0.834896 0.558333 0.059375 0.109259
1 0.530469 0.712500 0.035937 0.058333
1 0.880469 0.477778 0.070312 0.114815
1 0.657552 0.344907 0.054688 0.093519
1 0.902083 0.344444 0.036458 0.088889
1 0.945312 0.362500 0.045833 0.075000
1 0.784635 0.198611 0.049479 0.058333
1 0.817187 0.205556 0.041667 0.072222
1 0.921354 0.113426 0.047917 0.080556
0 0.741146 0.098148 0.117708 0.194444
0 0.436719 0.150000 0.330729 0.298148
