0 0.947917 0.881481 0.045833 0.103704
1 0.205469 0.749537 0.041146 0.071296
1 0.650781 0.706019 0.026562 0.050926
0 0.451302 0.618056 0.299479 0.602778
0 0.835417 0.582407 0.059375 0.109259
1 0.532031 0.729167 0.035937 0.058333
1 0.883073 0.499074 0.070312 0.114815
1 0.661198 0.362500 0.054688 0.093519
1 0.903125 0.369444 0.036458 0.088889
1 0.953646 0.382870 0.045833 0.075000
1 0.777865 0.220370 0.042188 0.059259
1 0.811198 0.226852 0.051562 0.068519
1 0.922917 0.131944 0.047917 0.080556
0 0.742969 0.109259 0.114062 0.216667
0 0.439063 0.159259 0.326042 0.316667
