0 0.651563 0.527778 0.317708 0.550000
1 0.074219 0.187500 0.018229 0.052778
1 0.029687 0.262037 0.021875 0.046296
1 0.738281 0.113426 0.027604 0.065741
1 0.550260 0.320370 0.019271 0.031481
1 0.429427 0.615278 0.013021 0.050926
1 0.381771 0.620370 0.025000 0.046296
1 0.202344 0.769444 0.038021 0.064815
1 0.729948 0.731481 0.023438 0.059259
1 0.968490 0.380556 0.016146 0.025926
1 0.782552 0.625000 0.021354 0.038889
1 0.810937 0.747222 0.033333 0.051852
1 0.966927 0.832870 0.029687 0.065741
1 0.027344 0.156481 0.023438 0.033333
1 0.390625 0.196296 0.013542 0.024074
1 0.324479 0.211574 0.025000 0.065741
1 0.109375 0.756944 0.029167 0.039815
1 0.870833 0.647685 0.009375 0.034259
1 0.824219 0.536574 0.036979 0.025000
1 0.226823 0.154630 0.018229 0.025926
1 0.045312 0.103241 0.015625 0.030556
1 0.043229 0.420370 0.013542 0.029630
1 0.485417 0.839352 0.021875 0.047222
