0 0.952604 0.914815 0.045833 0.103704
1 0.207552 0.768981 0.041146 0.071296
1 0.653906 0.727315 0.026562 0.050926
0 0.452344 0.648611 0.299479 0.602778
0 0.836458 0.601852 0.059375 0.109259
1 0.535156 0.748611 0.035937 0.058333
1 0.884635 0.514815 0.070312 0.114815
1 0.660677 0.374537 0.054688 0.093519
1 0.907813 0.382407 0.036458 0.088889
1 0.951042 0.400463 0.045833 0.075000
1 0.784635 0.234259 0.042188 0.059259
1 0.814323 0.247222 0.051562 0.068519
1 0.923438 0.149537 0.047917 0.080556
0 0.742448 0.125000 0.114062 0.216667
0 0.439844 0.168056 0.324479 0.334259
1 0.915625 0.043056 0.059375 0.084259
