0 0.956250 0.936111 0.045833 0.103704
1 0.208594 0.789352 0.041146 0.071296
1 0.659115 0.749537 0.026562 0.050926
0 0.454427 0.656019 0.299479 0.602778
0 0.837500 0.619444 0.059375 0.109259
1 0.535156 0.775463 0.035937 0.058333
1 0.886719 0.535185 0.070312 0.114815
1 0.661719 0.404167 0.054688 0.093519
1 0.908333 0.403704 0.036458 0.088889
1 0.955208 0.421759 0.045833 0.075000
1 0.784115 0.259259 0.042188 0.059259
1 0.816927 0.271296 0.051562 0.068519
1 0.928646 0.175463 0.047917 0.080556
0 0.751302 0.148148 0.114062 0.216667
0 0.443750 0.180556 0.327083 0.359259
1 0.921354 0.065278 0.059375 0.084259
