0 0.960938 0.948148 0.045833 0.103704
1 0.211719 0.809722 0.041146 0.071296
1 0.663281 0.762500 0.026562 0.050926
0 0.459115 0.681019 0.299479 0.602778
0 0.840625 0.642593 0.059375 0.109259
1 0.537760 0.790278 0.035937 0.058333
1 0.888802 0.551852 0.070312 0.114815
1 0.669010 0.427315 0.054688 0.093519
1 0.911458 0.424074 0.036458 0.088889
1 0.959896 0.437500 0.045833 0.075000
1 0.788802 0.284259 0.042188 0.059259
1 0.823177 0.292593 0.051562 0.068519
1 0.929167 0.192130 0.047917 0.080556
0 0.750781 0.171296 0.114062 0.216667
0 0.448177 0.192593 0.327604 0.383333
1 0.925521 0.080093 0.059375 0.084259
1 0.872917 0.027315 0.030208 0.052778
