1 0.217969 0.827315 0.041146 0.071296
1 0.665365 0.783796 0.026562 0.050926
0 0.464323 0.698611 0.299479 0.602778
0 0.849479 0.661111 0.059375 0.109259
1 0.543490 0.811574 0.035937 0.058333
1 0.892969 0.566667 0.070312 0.114815
1 0.673698 0.440278 0.054688 0.093519
1 0.915625 0.445370 0.036458 0.088889
1 0.963542 0.459722 0.045833 0.075000
1 0.791927 0.298148 0.042188 0.059259
1 0.826302 0.305556 0.051562 0.068519
1 0.934896 0.206944 0.047917 0.080556
0 0.756510 0.185185 0.114062 0.216667
0 0.452344 0.205093 0.329688 0.408333
1 0.925260 0.101852 0.058854 0.090741
1 0.873958 0.039352 0.030208 0.052778
