1 0.218490 0.844907 0.041146 0.071296
1 0.672135 0.804167 0.026562 0.050926
0 0.466927 0.698611 0.299479 0.602778
0 0.853646 0.678704 0.059375 0.109259
1 0.546094 0.831019 0.035937 0.058333
1 0.896094 0.586111 0.070312 0.114815
1 0.674219 0.457870 0.054688 0.093519
1 0.918229 0.463889 0.036458 0.088889
1 0.968229 0.478241 0.045833 0.075000
1 0.795052 0.319444 0.042188 0.059259
1 0.831510 0.328704 0.051562 0.068519
1 0.938542 0.226389 0.047917 0.080556
0 0.761198 0.201852 0.114062 0.216667
0 0.456510 0.207407 0.327604 0.412963
1 0.931510 0.126852 0.058854 0.090741
1 0.876042 0.063426 0.030208 0.052778
