1 0.220052 0.862500 0.041146 0.071296
1 0.672135 0.818981 0.026562 0.050926
0 0.469531 0.726852 0.297396 0.546296
0 0.850521 0.705556 0.059375 0.109259
1 0.547135 0.848611 0.035937 0.058333
1 0.902344 0.609259 0.070312 0.114815
1 0.676823 0.480093 0.054688 0.093519
1 0.923438 0.484259 0.036458 0.088889
1 0.967708 0.497685 0.045833 0.075000
1 0.795052 0.340741 0.042188 0.059259
1 0.829427 0.347222 0.051562 0.068519
1 0.942187 0.252315 0.047917 0.080556
0 0.765365 0.225926 0.114062 0.216667
0 0.458333 0.222685 0.326042 0.443519
1 0.930990 0.133333 0.058854 0.090741
1 0.880729 0.079167 0.030208 0.052778
