1 0.671615 0.845833 0.026562 0.050926
0 0.471354 0.728241 0.301042 0.543519
0 0.854167 0.721296 0.059375 0.109259
1 0.547135 0.869907 0.035937 0.058333
1 0.901823 0.622222 0.070312 0.114815
1 0.682031 0.498611 0.054688 0.093519
1 0.923438 0.500926 0.036458 0.088889
1 0.969792 0.515278 0.045833 0.075000
1 0.796094 0.354630 0.042188 0.059259
1 0.834635 0.370370 0.051562 0.068519
1 0.943229 0.261574 0.047917 0.080556
0 0.766406 0.243519 0.114062 0.216667
0 0.456250 0.228704 0.331250 0.455556
1 0.934115 0.161111 0.058854 0.090741
1 0.880729 0.094907 0.030208 0.052778
