1 0.675781 0.879167 0.026562 0.050926
0 0.468490 0.745370 0.300521 0.509259
0 0.853125 0.755556 0.059375 0.109259
1 0.905469 0.655556 0.070312 0.114815
1 0.680990 0.528241 0.054688 0.093519
1 0.926562 0.529630 0.036458 0.088889
1 0.974479 0.549537 0.045833 0.075000
1 0.800260 0.385185 0.042188 0.059259
1 0.835677 0.399074 0.051562 0.068519
1 0.943750 0.297685 0.047917 0.080556
0 0.765885 0.275000 0.114062 0.216667
0 0.455729 0.243981 0.331250 0.486111
1 0.936719 0.194444 0.058854 0.090741
1 0.880729 0.126389 0.030208 0.052778
