1 0.676823 0.903241 0.026562 0.050926
0 0.469010 0.762500 0.305729 0.475000
0 0.853125 0.781481 0.059375 0.109259
1 0.905469 0.694444 0.070312 0.114815
1 0.682031 0.563426 0.054688 0.093519
1 0.927083 0.565741 0.036458 0.088889
1 0.968750 0.587500 0.045833 0.075000
1 0.797135 0.423148 0.042188 0.059259
1 0.837760 0.434259 0.051562 0.068519
1 0.941146 0.335648 0.047917 0.080556
0 0.767448 0.314815 0.114062 0.216667
0 0.459375 0.264815 0.331250 0.527778
1 0.936198 0.225926 0.058854 0.090741
1 0.881250 0.163426 0.030208 0.052778
1 0.718750 0.039352 0.035417 0.076852
