1 0.679427 0.935648 0.026562 0.050926
0 0.472917 0.784259 0.313542 0.431481
0 0.856250 0.826852 0.059375 0.109259
1 0.907552 0.719444 0.070312 0.114815
1 0.685677 0.594907 0.054688 0.093519
1 0.924479 0.602778 0.036458 0.088889
1 0.971354 0.616204 0.045833 0.075000
1 0.802344 0.457407 0.042188 0.059259
1 0.838281 0.471296 0.051562 0.068519
1 0.941667 0.368981 0.047917 0.080556
0 0.768490 0.349074 0.114062 0.216667
0 0.464583 0.282870 0.326042 0.563889
1 0.935156 0.261111 0.058854 0.090741
1 0.882812 0.199537 0.030208 0.052778
1 0.720313 0.074537 0.035417 0.076852
1 0.676562 0.042130 0.063542 0.082407
