0 0.649740 0.544444 0.314063 0.553704
1 0.025000 0.167130 0.021875 0.041667
1 0.065365 0.250000 0.019271 0.046296
1 0.028385 0.274074 0.022396 0.037037
1 0.389323 0.205556 0.015104 0.031481
1 0.737500 0.120833 0.028125 0.056481
1 0.425260 0.627315 0.015104 0.045370
1 0.322135 0.218981 0.025521 0.073148
1 0.201042 0.778704 0.038542 0.061111
1 0.072396 0.200463 0.021875 0.045370
1 0.379167 0.632870 0.027083 0.047222
1 0.484635 0.847222 0.020313 0.040741
1 0.730729 0.745833 0.021875 0.052778
1 0.810156 0.758796 0.028646 0.050926
1 0.782552 0.633333 0.025521 0.038889
1 0.966927 0.390741 0.016146 0.024074
1 0.965625 0.846759 0.032292 0.062037
1 0.040885 0.716204 0.020313 0.049074
1 0.108594 0.765278 0.030729 0.034259
1 0.139583 0.253241 0.015625 0.025000
1 0.549219 0.331019 0.018229 0.028704
1 0.825260 0.547685 0.031771 0.026852
