1 0.679948 0.970833 0.026562 0.050926
0 0.474479 0.808333 0.308333 0.383333
0 0.861979 0.855556 0.059375 0.109259
1 0.908594 0.757407 0.070312 0.114815
1 0.685677 0.594907 0.054688 0.093519
1 0.977083 0.646759 0.045833 0.075000
1 0.803385 0.493519 0.042188 0.059259
1 0.841927 0.505556 0.051562 0.068519
1 0.944792 0.406944 0.047917 0.080556
0 0.765885 0.387963 0.114062 0.216667
0 0.465625 0.302778 0.323958 0.603704
1 0.935156 0.298148 0.058854 0.090741
1 0.888021 0.231944 0.030208 0.052778
1 0.720833 0.106019 0.035417 0.076852
1 0.677344 0.059722 0.064062 0.108333
