0 0.476302 0.817130 0.302604 0.365741
0 0.862500 0.896296 0.059375 0.109259
1 0.910156 0.800000 0.070312 0.114815
1 0.692969 0.678241 0.054688 0.093519
1 0.811198 0.531481 0.042188 0.059259
1 0.848177 0.549074 0.051562 0.068519
1 0.946875 0.437500 0.047917 0.080556
0 0.776302 0.424074 0.114062 0.216667
0 0.467187 0.334259 0.325000 0.666667
1 0.940885 0.336111 0.058854 0.090741
1 0.886979 0.269907 0.030208 0.052778
1 0.722396 0.146759 0.035417 0.076852
1 0.677865 0.103241 0.064062 0.108333
1 0.355208 0.841667 0.052083 0.074074
