0 0.485156 0.837500 0.299479 0.325000
0 0.866146 0.925926 0.059375 0.109259
1 0.914323 0.829630 0.070312 0.114815
1 0.691406 0.715278 0.054688 0.093519
1 0.805990 0.567593 0.042188 0.059259
1 0.839844 0.577778 0.051562 0.068519
1 0.953125 0.475463 0.047917 0.080556
0 0.774740 0.462963 0.114062 0.216667
0 0.465365 0.353241 0.325521 0.704630
1 0.941406 0.373148 0.058854 0.090741
1 0.885938 0.306944 0.030208 0.052778
1 0.718750 0.177315 0.035417 0.076852
1 0.676823 0.134722 0.064062 0.108333
1 0.359896 0.881481 0.052083 0.074074
1 0.746615 0.032870 0.042188 0.063889
