0 0.484375 0.853704 0.296875 0.292593
0 0.878646 0.950926 0.057292 0.098148
1 0.924740 0.862037 0.070312 0.114815
1 0.698698 0.743056 0.054688 0.093519
1 0.813281 0.593519 0.042188 0.059259
1 0.847656 0.612963 0.051562 0.068519
1 0.956250 0.506944 0.047917 0.080556
0 0.782552 0.494444 0.114062 0.216667
0 0.466667 0.372222 0.322917 0.742593
1 0.945573 0.397222 0.058854 0.090741
1 0.890625 0.321759 0.030208 0.052778
1 0.723437 0.209722 0.035417 0.076852
1 0.684115 0.171759 0.064062 0.108333
1 0.363021 0.924074 0.052083 0.074074
1 0.749219 0.047685 0.042188 0.063889
0 0.841927 0.774537 0.049479 0.071296
