0 0.514323 0.881019 0.255729 0.237963
1 0.931510 0.892593 0.070312 0.114815
1 0.699740 0.771759 0.054688 0.093519
1 0.817969 0.624074 0.042188 0.059259
1 0.857552 0.635185 0.051562 0.068519
1 0.971354 0.521759 0.047917 0.080556
0 0.789844 0.519444 0.114062 0.216667
0 0.473698 0.529630 0.335938 0.496296
1 0.954427 0.421296 0.058854 0.090741
1 0.899479 0.351389 0.030208 0.052778
1 0.727604 0.228241 0.035417 0.076852
1 0.685677 0.188426 0.064062 0.108333
1 0.366667 0.958333 0.052083 0.074074
1 0.752865 0.073611 0.042188 0.063889
0 0.845573 0.800463 0.049479 0.071296
1 0.848958 0.037037 0.047917 0.072222
0 0.486719 0.143519 0.228646 0.285185
