0 0.519792 0.906481 0.263542 0.187037
1 0.941406 0.911111 0.070312 0.114815
1 0.708073 0.800463 0.054688 0.093519
1 0.829427 0.650000 0.042188 0.059259
1 0.865885 0.661111 0.051562 0.068519
1 0.976042 0.546759 0.047917 0.080556
0 0.795573 0.548611 0.115104 0.236111
0 0.477865 0.572222 0.335938 0.496296
1 0.963802 0.443519 0.058854 0.090741
1 0.906771 0.375463 0.030208 0.052778
1 0.733333 0.254167 0.035417 0.076852
1 0.691927 0.220833 0.064062 0.108333
1 0.759896 0.093519 0.043750 0.074074
0 0.857031 0.832870 0.049479 0.071296
1 0.857031 0.055093 0.054688 0.084259
0 0.489583 0.162037 0.230208 0.322222
0 0.665625 0.107870 0.144792 0.213889
