0 0.558333 0.911574 0.209375 0.176852
1 0.955469 0.936111 0.070312 0.114815
1 0.722135 0.829167 0.054688 0.093519
1 0.839844 0.674074 0.042188 0.059259
1 0.875260 0.693519 0.051562 0.068519
0 0.802344 0.579167 0.115104 0.236111
0 0.485677 0.605556 0.335938 0.496296
1 0.975521 0.465741 0.048958 0.090741
1 0.919792 0.401389 0.030208 0.052778
1 0.742708 0.274537 0.035417 0.076852
1 0.696615 0.231944 0.064062 0.108333
1 0.768750 0.114352 0.044792 0.075000
0 0.869531 0.857870 0.049479 0.071296
1 0.864323 0.075463 0.054688 0.084259
0 0.492448 0.168981 0.228646 0.336111
0 0.669792 0.114352 0.141667 0.226852
