1 0.965365 0.953704 0.069271 0.092593
1 0.736198 0.860648 0.054688 0.093519
1 0.855990 0.696296 0.042188 0.059259
1 0.891406 0.713889 0.051562 0.068519
0 0.815885 0.595833 0.115104 0.236111
0 0.490885 0.635185 0.335938 0.496296
1 0.975521 0.491667 0.048958 0.090741
1 0.926042 0.419907 0.030208 0.052778
1 0.749479 0.294907 0.035417 0.076852
1 0.705990 0.255093 0.064062 0.108333
1 0.773438 0.139352 0.044792 0.075000
0 0.880990 0.879167 0.049479 0.071296
1 0.874219 0.095833 0.054688 0.084259
0 0.501563 0.186574 0.237500 0.371296
0 0.680990 0.131019 0.149479 0.250926
