0 0.649479 0.554167 0.321875 0.543519
1 0.320052 0.233796 0.032813 0.073148
1 0.019271 0.174537 0.027083 0.039815
1 0.421615 0.638889 0.018229 0.048148
1 0.733854 0.131481 0.035417 0.062963
1 0.194531 0.788426 0.036979 0.065741
1 0.022135 0.280093 0.018229 0.041667
1 0.384375 0.213889 0.014583 0.029630
1 0.780208 0.649074 0.027083 0.038889
1 0.727344 0.759259 0.027604 0.055556
1 0.807552 0.774074 0.031771 0.051852
1 0.963802 0.860185 0.033854 0.059259
1 0.102865 0.778704 0.028646 0.035185
1 0.060417 0.262963 0.020833 0.033333
1 0.966146 0.403241 0.017708 0.026852
1 0.196354 0.031944 0.015625 0.034259
1 0.913802 0.291204 0.021354 0.036111
1 0.821875 0.560185 0.038542 0.029630
