1 0.763281 0.938426 0.054688 0.093519
1 0.879427 0.778704 0.042188 0.059259
1 0.921615 0.797222 0.051562 0.068519
0 0.842969 0.688426 0.115104 0.236111
0 0.521875 0.707870 0.344792 0.519444
1 0.956771 0.489352 0.030208 0.052778
1 0.772396 0.368056 0.035417 0.076852
1 0.725781 0.340278 0.064062 0.108333
1 0.797396 0.206944 0.044792 0.075000
0 0.910677 0.956944 0.049479 0.071296
1 0.896615 0.168056 0.054688 0.084259
0 0.520052 0.225463 0.244271 0.449074
0 0.702865 0.218519 0.154688 0.253704
1 0.829688 0.043981 0.047917 0.086111
