1 0.770052 0.953241 0.054688 0.093519
1 0.882552 0.800926 0.042188 0.059259
1 0.923177 0.820833 0.059896 0.069444
0 0.845573 0.703241 0.115104 0.236111
0 0.526563 0.731019 0.344792 0.519444
1 0.959896 0.512500 0.030208 0.052778
1 0.777604 0.388889 0.040625 0.077778
1 0.725781 0.340278 0.064062 0.108333
1 0.798958 0.224537 0.044792 0.075000
0 0.912240 0.970833 0.051562 0.058333
1 0.901302 0.185648 0.054688 0.084259
0 0.523438 0.237963 0.250000 0.474074
0 0.705990 0.232407 0.154688 0.253704
1 0.829688 0.059722 0.047917 0.086111
