0 0.638542 0.568519 0.327083 0.553704
1 0.013281 0.184259 0.025521 0.042593
1 0.311458 0.243981 0.026042 0.065741
1 0.077083 0.041204 0.015625 0.043519
1 0.052083 0.271296 0.021875 0.042593
1 0.014583 0.297222 0.021875 0.038889
1 0.415104 0.653241 0.014583 0.047222
1 0.723437 0.769907 0.023958 0.054630
1 0.728385 0.139815 0.026562 0.061111
1 0.094010 0.790741 0.028646 0.035185
1 0.803125 0.787500 0.029167 0.049074
1 0.188281 0.806019 0.038021 0.060185
1 0.960156 0.877778 0.029687 0.061111
1 0.540885 0.354167 0.019271 0.030556
1 0.909635 0.303704 0.023438 0.042593
1 0.773698 0.661574 0.023438 0.041667
1 0.187500 0.042130 0.016667 0.039815
1 0.368229 0.655093 0.027083 0.045370
