0 0.435417 0.229167 0.222917 0.439815
0 0.447135 0.556019 0.291146 0.456481
0 0.453906 0.785185 0.265104 0.420370
1 0.713542 0.244444 0.039583 0.066667
1 0.786198 0.700463 0.040104 0.065741
1 0.635417 0.323611 0.030208 0.073148
1 0.674219 0.384259 0.032813 0.074074
1 0.849479 0.207870 0.032292 0.058333
1 0.275260 0.856019 0.042188 0.076852
1 0.625000 0.470370 0.046875 0.100000
1 0.848698 0.111574 0.033854 0.052778
1 0.195312 0.685648 0.038542 0.060185
1 0.706250 0.692130 0.026042 0.041667
1 0.675000 0.611574 0.031250 0.099074
1 0.051042 0.842130 0.039583 0.050926
1 0.329167 0.776389 0.046875 0.112037
