0 0.613542 0.647222 0.317708 0.555556
1 0.284115 0.306481 0.031771 0.066667
1 0.023958 0.330556 0.021875 0.037037
1 0.388802 0.717130 0.017188 0.056481
1 0.163021 0.098611 0.011458 0.041667
1 0.694792 0.841204 0.023958 0.060185
1 0.775260 0.858796 0.027604 0.047222
1 0.746094 0.732870 0.022396 0.039815
1 0.931510 0.947685 0.032813 0.058333
1 0.706250 0.208333 0.030208 0.066667
1 0.355208 0.284259 0.012500 0.027778
1 0.341927 0.720833 0.026562 0.045370
1 0.790625 0.640741 0.037500 0.029630
1 0.937500 0.483333 0.018750 0.029630
1 0.160156 0.867593 0.036979 0.062963
1 0.513542 0.418519 0.019792 0.027778
0 0.538802 0.186574 0.220312 0.343519
