0 0.607552 0.665278 0.319271 0.560185
1 0.157031 0.111574 0.014063 0.037963
1 0.019010 0.341204 0.023438 0.049074
1 0.154427 0.884722 0.041146 0.063889
1 0.682031 0.863889 0.035937 0.055556
1 0.335156 0.735185 0.029687 0.051852
1 0.062240 0.871296 0.028646 0.037037
1 0.280469 0.319444 0.025521 0.064815
1 0.741667 0.750463 0.031250 0.034259
1 0.770052 0.875463 0.027604 0.045370
1 0.701823 0.222222 0.028646 0.062963
1 0.786979 0.657870 0.036458 0.021296
1 0.927344 0.965741 0.031771 0.062963
1 0.383333 0.735648 0.016667 0.045370
1 0.347135 0.298148 0.015104 0.029630
1 0.509115 0.437037 0.019271 0.033333
0 0.539323 0.209722 0.223438 0.356481
