1 0.428125 0.825000 0.035417 0.092593
1 0.848958 0.792593 0.040625 0.098148
1 0.814063 0.550000 0.067708 0.100000
0 0.547135 0.483796 0.252604 0.369444
1 0.162500 0.402778 0.028125 0.061111
0 0.543750 0.829167 0.182292 0.341667
1 0.302344 0.367593 0.045312 0.075926
1 0.367188 0.344907 0.037500 0.058333
0 0.496094 0.208333 0.249479 0.414815
0 0.745313 0.222222 0.108333 0.137037
1 0.810677 0.180093 0.045312 0.075000
1 0.707292 0.056481 0.029167 0.068519
1 0.208333 0.045833 0.047917 0.089815
1 0.257292 0.069907 0.052083 0.054630
1 0.600781 0.098148 0.050521 0.083333
