1 0.427083 0.858333 0.035417 0.092593
1 0.851562 0.827778 0.040625 0.098148
1 0.813542 0.584259 0.067708 0.100000
0 0.547135 0.483796 0.252604 0.369444
1 0.158854 0.431481 0.028125 0.061111
0 0.518229 0.850926 0.142708 0.298148
1 0.300260 0.395370 0.045312 0.075926
1 0.370833 0.374537 0.037500 0.058333
0 0.497396 0.227778 0.247917 0.453704
0 0.742708 0.252778 0.108333 0.137037
1 0.810417 0.212500 0.056250 0.080556
1 0.709896 0.083333 0.029167 0.068519
1 0.202604 0.080093 0.047917 0.089815
1 0.257292 0.099537 0.052083 0.054630
1 0.597656 0.115741 0.050521 0.083333
