1 0.426042 0.895370 0.035417 0.092593
1 0.857292 0.866667 0.040625 0.098148
1 0.818229 0.611111 0.067708 0.100000
0 0.548438 0.557407 0.250000 0.387037
1 0.152083 0.456481 0.028125 0.061111
0 0.527604 0.862963 0.142708 0.274074
1 0.300781 0.426852 0.045312 0.075926
1 0.367708 0.408796 0.037500 0.058333
0 0.497656 0.243056 0.248438 0.484259
0 0.746094 0.284259 0.114062 0.151852
1 0.810417 0.233796 0.056250 0.080556
1 0.711458 0.110185 0.029167 0.068519
1 0.202604 0.105093 0.047917 0.089815
1 0.253646 0.124537 0.052083 0.054630
1 0.597656 0.115741 0.050521 0.083333
