1 0.432292 0.933333 0.035417 0.092593
1 0.861979 0.892593 0.040625 0.098148
1 0.827604 0.637037 0.067708 0.100000
0 0.553646 0.583333 0.250000 0.387037
1 0.154688 0.490741 0.028125 0.061111
0 0.531250 0.883796 0.142708 0.232407
1 0.302344 0.456481 0.045312 0.075926
1 0.368750 0.444907 0.037500 0.058333
0 0.499219 0.261111 0.251563 0.520370
0 0.750260 0.319444 0.114062 0.151852
1 0.817708 0.270833 0.056250 0.080556
1 0.713542 0.138889 0.029167 0.068519
1 0.206250 0.139815 0.047917 0.090741
1 0.254167 0.154167 0.052083 0.054630
1 0.600781 0.177315 0.050521 0.084259
1 0.042969 0.030093 0.030729 0.058333
