1 0.873958 0.929630 0.040625 0.098148
1 0.836458 0.673148 0.067708 0.100000
0 0.557292 0.617593 0.250000 0.387037
1 0.156771 0.528704 0.028125 0.061111
0 0.543229 0.909259 0.138542 0.181481
1 0.305990 0.491667 0.045312 0.075926
1 0.369271 0.471759 0.037500 0.058333
0 0.508333 0.281019 0.260417 0.560185
0 0.755469 0.344444 0.114062 0.151852
1 0.825000 0.295833 0.056250 0.080556
1 0.721875 0.168519 0.029167 0.068519
1 0.201563 0.175926 0.047917 0.090741
1 0.258333 0.192130 0.052083 0.054630
1 0.603906 0.213426 0.050521 0.084259
1 0.040365 0.060648 0.030729 0.058333
