1 0.889844 0.961111 0.036979 0.077778
1 0.843229 0.706481 0.067708 0.100000
0 0.567448 0.659259 0.259896 0.405556
1 0.154688 0.563889 0.028125 0.061111
1 0.305990 0.534259 0.045312 0.075926
1 0.371875 0.508796 0.037500 0.058333
0 0.513021 0.308796 0.259375 0.615741
0 0.764323 0.382407 0.114062 0.151852
1 0.830729 0.320833 0.056250 0.080556
1 0.728125 0.195370 0.029167 0.068519
1 0.206250 0.202778 0.047917 0.090741
1 0.259896 0.213426 0.052083 0.054630
1 0.610156 0.243056 0.050521 0.084259
1 0.041406 0.096759 0.030729 0.058333
