0 0.598958 0.686111 0.316667 0.566667
1 0.272396 0.333333 0.028125 0.072222
1 0.011719 0.355556 0.022396 0.048148
1 0.341927 0.314352 0.010937 0.026852
1 0.695052 0.242593 0.033854 0.070370
1 0.675000 0.875926 0.038542 0.046296
1 0.763021 0.894444 0.028125 0.050000
1 0.146615 0.896296 0.033854 0.068519
1 0.502604 0.451852 0.016667 0.027778
1 0.733594 0.771759 0.020313 0.039815
1 0.964844 0.593519 0.017188 0.031481
1 0.375521 0.749537 0.017708 0.047222
1 0.328906 0.751852 0.025521 0.040741
1 0.151042 0.129167 0.014583 0.037963
1 0.873698 0.405556 0.021354 0.029630
0 0.527604 0.221759 0.223958 0.345370
