1 0.879167 0.793519 0.067708 0.100000
0 0.602865 0.742593 0.259896 0.405556
1 0.176563 0.659259 0.028125 0.061111
1 0.330469 0.623148 0.045312 0.075926
1 0.398958 0.595833 0.037500 0.058333
0 0.527083 0.348611 0.258333 0.695370
0 0.799219 0.458333 0.114062 0.151852
1 0.853646 0.395833 0.056250 0.080556
1 0.752604 0.271296 0.029167 0.068519
1 0.220312 0.279630 0.047917 0.090741
1 0.277604 0.307870 0.052083 0.054630
1 0.632031 0.321759 0.050521 0.084259
1 0.053906 0.181019 0.030729 0.058333
1 0.629427 0.090741 0.059896 0.075926
