1 0.889062 0.816667 0.067708 0.100000
0 0.608854 0.764352 0.267708 0.425000
1 0.181250 0.688889 0.028125 0.061111
1 0.333594 0.645833 0.044271 0.095370
1 0.406250 0.617130 0.037500 0.058333
0 0.537760 0.364352 0.259896 0.726852
0 0.805990 0.479630 0.114062 0.151852
1 0.871354 0.421759 0.056250 0.080556
1 0.759896 0.291667 0.029167 0.068519
1 0.226042 0.296296 0.047917 0.090741
1 0.281771 0.324537 0.052083 0.054630
1 0.641406 0.337500 0.050521 0.084259
1 0.058594 0.208796 0.030729 0.058333
1 0.644010 0.112963 0.059896 0.075926
1 0.893750 0.038426 0.070833 0.075000
1 0.835156 0.020833 0.045312 0.039815
