1 0.894792 0.841667 0.067708 0.100000
0 0.614062 0.791204 0.265625 0.417593
1 0.185417 0.705556 0.028125 0.061111
1 0.342969 0.671759 0.044271 0.095370
1 0.411979 0.642130 0.037500 0.058333
0 0.544531 0.374537 0.258854 0.747222
0 0.813281 0.505556 0.114062 0.151852
1 0.875521 0.438426 0.056250 0.080556
1 0.768750 0.317593 0.029167 0.068519
1 0.228125 0.330556 0.047917 0.090741
1 0.282813 0.350463 0.052083 0.054630
1 0.646094 0.362500 0.050521 0.084259
1 0.059115 0.229167 0.030729 0.058333
1 0.647656 0.131481 0.059896 0.075926
1 0.893750 0.045833 0.068750 0.089815
1 0.843490 0.034722 0.045312 0.039815
