1 0.901563 0.862963 0.067708 0.100000
0 0.627083 0.803704 0.261458 0.392593
1 0.192188 0.736111 0.028125 0.061111
1 0.349740 0.698611 0.044271 0.095370
1 0.419271 0.670833 0.037500 0.058333
0 0.553906 0.400463 0.258854 0.747222
0 0.817448 0.526852 0.122396 0.168519
1 0.882812 0.461111 0.060417 0.096296
1 0.773438 0.334259 0.029167 0.068519
1 0.236458 0.360185 0.047917 0.090741
1 0.291667 0.379167 0.052083 0.054630
1 0.652865 0.382870 0.050521 0.084259
1 0.065625 0.248611 0.031250 0.058333
1 0.653385 0.160185 0.059896 0.075926
1 0.900260 0.067593 0.068229 0.100000
1 0.845833 0.054630 0.051042 0.044444
