1 0.910937 0.881481 0.067708 0.100000
0 0.630990 0.812963 0.269271 0.374074
1 0.197396 0.752778 0.028125 0.061111
1 0.354427 0.716204 0.044271 0.095370
1 0.424479 0.690278 0.037500 0.058333
0 0.559635 0.425000 0.264062 0.759259
0 0.827865 0.550000 0.117188 0.166667
1 0.888542 0.485185 0.060417 0.096296
1 0.779687 0.356481 0.029167 0.068519
1 0.236458 0.360185 0.047917 0.090741
1 0.291667 0.379167 0.052083 0.054630
1 0.660417 0.413889 0.051042 0.103704
1 0.070833 0.274537 0.031250 0.058333
1 0.655990 0.180556 0.059896 0.075926
1 0.904427 0.091667 0.068229 0.100000
1 0.849479 0.079630 0.051042 0.044444
