1 0.920833 0.907407 0.067708 0.100000
0 0.643750 0.823611 0.275000 0.352778
1 0.202083 0.771296 0.028125 0.061111
1 0.362760 0.738426 0.044271 0.095370
1 0.431771 0.704167 0.037500 0.058333
0 0.566406 0.442593 0.264062 0.759259
0 0.833594 0.572222 0.117188 0.166667
1 0.897917 0.499074 0.060417 0.096296
1 0.788542 0.378704 0.029167 0.068519
1 0.247917 0.398148 0.047917 0.090741
1 0.302083 0.413426 0.052083 0.054630
1 0.665625 0.420370 0.051042 0.103704
1 0.076042 0.292130 0.031250 0.058333
1 0.666927 0.197222 0.059896 0.075926
1 0.914844 0.104630 0.068229 0.100000
1 0.863542 0.099074 0.051042 0.044444
1 0.649219 0.031481 0.048438 0.061111
