1 0.924479 0.920370 0.067708 0.100000
0 0.650260 0.841204 0.274479 0.317593
1 0.214062 0.789815 0.028125 0.061111
1 0.369010 0.747685 0.044271 0.095370
1 0.440104 0.724537 0.037500 0.058333
0 0.572656 0.461111 0.264062 0.759259
0 0.844531 0.590741 0.117188 0.166667
1 0.909375 0.517593 0.060417 0.096296
1 0.793750 0.391667 0.029167 0.068519
1 0.255729 0.410185 0.047917 0.090741
1 0.308333 0.427315 0.052083 0.054630
1 0.673438 0.445370 0.051042 0.103704
1 0.083854 0.312500 0.031250 0.058333
1 0.677344 0.210185 0.059896 0.075926
1 0.921094 0.125000 0.068229 0.100000
1 0.869271 0.111111 0.051042 0.044444
1 0.655208 0.038889 0.044792 0.075926
