1 0.931771 0.928704 0.067708 0.100000
0 0.660417 0.845370 0.275000 0.309259
1 0.216667 0.800926 0.028125 0.061111
1 0.373177 0.767130 0.044271 0.095370
1 0.444792 0.736574 0.037500 0.058333
0 0.576823 0.478704 0.264062 0.759259
0 0.848698 0.600926 0.117188 0.166667
1 0.909896 0.535185 0.060417 0.096296
1 0.798958 0.403704 0.029167 0.068519
1 0.260417 0.430556 0.047917 0.090741
1 0.315625 0.441204 0.052083 0.054630
1 0.677604 0.453704 0.051042 0.103704
1 0.087500 0.321759 0.031250 0.058333
1 0.678385 0.227778 0.059896 0.075926
1 0.928385 0.137037 0.068229 0.100000
1 0.876563 0.126852 0.051042 0.044444
1 0.660937 0.044444 0.044792 0.075926
