1 0.935417 0.950000 0.067708 0.100000
1 0.216667 0.814815 0.028125 0.061111
1 0.371615 0.789352 0.044271 0.095370
1 0.444792 0.758796 0.037500 0.058333
0 0.575781 0.500000 0.264062 0.759259
0 0.850781 0.617593 0.117188 0.166667
1 0.911458 0.549074 0.060417 0.096296
1 0.801042 0.424074 0.029167 0.068519
1 0.260937 0.437037 0.047917 0.090741
1 0.314063 0.453241 0.052083 0.054630
1 0.681250 0.477778 0.051042 0.103704
1 0.087500 0.326389 0.031250 0.058333
1 0.680990 0.242593 0.059896 0.075926
1 0.933594 0.153704 0.068229 0.100000
1 0.876563 0.138889 0.051042 0.044444
1 0.661458 0.062037 0.044792 0.075926
