1 0.935937 0.959259 0.066667 0.081481
1 0.216146 0.828704 0.028125 0.061111
1 0.374219 0.802315 0.044271 0.095370
1 0.444792 0.763426 0.037500 0.058333
0 0.573177 0.506481 0.264062 0.759259
0 0.852865 0.639815 0.117188 0.166667
1 0.913021 0.567593 0.060417 0.096296
1 0.801562 0.432407 0.029167 0.068519
1 0.264583 0.456481 0.047917 0.090741
1 0.317188 0.477315 0.052083 0.054630
1 0.680208 0.491667 0.051042 0.103704
1 0.088542 0.345833 0.031250 0.058333
1 0.680990 0.256481 0.059896 0.075926
1 0.933594 0.165741 0.068229 0.100000
1 0.876042 0.151852 0.051042 0.044444
1 0.661458 0.079630 0.044792 0.075926
