0 0.594792 0.704167 0.317708 0.560185
1 0.143490 0.138889 0.013021 0.038889
1 0.264844 0.343056 0.026562 0.071296
1 0.335156 0.323148 0.013021 0.027778
1 0.689323 0.258333 0.030729 0.074074
1 0.920833 0.534722 0.014583 0.021296
1 0.756250 0.913426 0.030208 0.049074
1 0.667969 0.896296 0.036979 0.057407
1 0.368490 0.762963 0.014063 0.053704
1 0.727604 0.786574 0.025000 0.043519
1 0.322917 0.766667 0.025000 0.046296
1 0.773177 0.694907 0.033854 0.028704
1 0.047135 0.895370 0.028646 0.037037
1 0.137760 0.911574 0.038021 0.062037
1 0.139063 0.406019 0.017708 0.037963
1 0.169792 0.282407 0.014583 0.024074
1 0.495833 0.467130 0.019792 0.026852
1 0.032031 0.133796 0.015104 0.041667
1 0.011198 0.315278 0.017188 0.041667
1 0.007552 0.371296 0.014063 0.046296
1 0.804427 0.143981 0.016146 0.047222
0 0.527344 0.241204 0.227604 0.356481
