1 0.935937 0.964352 0.066667 0.071296
1 0.217708 0.840741 0.028125 0.061111
1 0.374219 0.809722 0.044271 0.095370
1 0.443750 0.783796 0.037500 0.058333
0 0.576823 0.528704 0.264062 0.759259
0 0.858594 0.644444 0.117188 0.166667
1 0.915625 0.573148 0.060417 0.096296
1 0.803646 0.444444 0.029167 0.068519
1 0.264062 0.462963 0.047917 0.090741
1 0.318750 0.484722 0.052083 0.054630
1 0.681250 0.501852 0.051042 0.103704
1 0.088542 0.365278 0.031250 0.058333
1 0.684635 0.265741 0.059896 0.075926
1 0.933073 0.171296 0.068229 0.100000
1 0.876042 0.160185 0.051042 0.044444
1 0.661979 0.077778 0.044792 0.075926
