1 0.218750 0.848148 0.028125 0.061111
1 0.379427 0.823611 0.044271 0.095370
1 0.443750 0.792130 0.037500 0.058333
0 0.580990 0.544444 0.264062 0.759259
0 0.858594 0.661111 0.117188 0.166667
1 0.918229 0.589815 0.060417 0.096296
1 0.806771 0.457407 0.029167 0.068519
1 0.264583 0.474074 0.047917 0.090741
1 0.319792 0.496759 0.052083 0.054630
1 0.681250 0.509259 0.051042 0.103704
1 0.089583 0.375463 0.031250 0.058333
1 0.684635 0.276852 0.059896 0.075926
1 0.934635 0.186111 0.068229 0.100000
1 0.880208 0.178704 0.051042 0.044444
1 0.665625 0.093519 0.044792 0.075926
