1 0.220833 0.865741 0.028125 0.061111
1 0.376302 0.834722 0.044271 0.095370
1 0.444792 0.806019 0.037500 0.058333
0 0.585156 0.547222 0.264062 0.759259
0 0.855990 0.670370 0.117188 0.166667
1 0.918229 0.601852 0.060417 0.096296
1 0.807813 0.473148 0.029167 0.068519
1 0.265104 0.493519 0.047917 0.090741
1 0.322396 0.505093 0.052083 0.054630
1 0.684375 0.517593 0.051042 0.103704
1 0.091146 0.392130 0.031250 0.058333
1 0.684635 0.285185 0.059896 0.075926
1 0.934635 0.197222 0.068229 0.100000
1 0.883333 0.191667 0.051042 0.044444
1 0.663542 0.109259 0.044792 0.075926
