1 0.223958 0.890741 0.028125 0.061111
1 0.376302 0.850463 0.044271 0.095370
1 0.446875 0.819907 0.037500 0.058333
0 0.586198 0.576852 0.264062 0.759259
0 0.860156 0.688889 0.127604 0.175926
1 0.918750 0.620370 0.060417 0.096296
1 0.805729 0.487037 0.029167 0.068519
1 0.267188 0.505556 0.047917 0.090741
1 0.321354 0.526389 0.052083 0.054630
1 0.682813 0.538889 0.051042 0.103704
1 0.091667 0.405093 0.031250 0.058333
1 0.686198 0.308333 0.059896 0.075926
1 0.933594 0.213889 0.068229 0.100000
1 0.880729 0.203704 0.051042 0.044444
1 0.663021 0.125926 0.044792 0.075926
