1 0.220312 0.911111 0.028125 0.061111
1 0.376302 0.881944 0.044271 0.095370
1 0.444271 0.850463 0.037500 0.058333
0 0.583594 0.593519 0.264062 0.759259
0 0.853906 0.713889 0.127604 0.175926
1 0.913542 0.641667 0.060417 0.096296
1 0.803125 0.512037 0.029167 0.068519
1 0.265104 0.534259 0.047917 0.090741
1 0.318750 0.549537 0.052083 0.054630
1 0.682813 0.547222 0.051042 0.103704
1 0.090104 0.430093 0.031250 0.058333
1 0.686198 0.308333 0.059896 0.075926
1 0.932031 0.238889 0.068229 0.100000
1 0.876042 0.229630 0.051042 0.044444
1 0.661458 0.143519 0.044792 0.075926
