1 0.213542 0.937037 0.028125 0.061111
1 0.372656 0.904167 0.044271 0.095370
1 0.441146 0.871759 0.037500 0.058333
0 0.581510 0.620370 0.264062 0.759259
0 0.847656 0.751852 0.127604 0.175926
1 0.909896 0.669444 0.060417 0.096296
1 0.798438 0.537037 0.029167 0.068519
1 0.264583 0.551852 0.047917 0.090741
1 0.315625 0.572685 0.052083 0.054630
1 0.681250 0.596296 0.051042 0.103704
1 0.086458 0.456019 0.031250 0.058333
1 0.679948 0.362037 0.059896 0.075926
1 0.929948 0.268519 0.068229 0.100000
1 0.871354 0.257407 0.051042 0.044444
1 0.657292 0.173148 0.044792 0.075926
