1 0.213021 0.961111 0.028125 0.061111
1 0.371094 0.927315 0.044271 0.095370
1 0.440625 0.898611 0.037500 0.058333
0 0.579427 0.631944 0.269271 0.736111
0 0.838281 0.770370 0.127604 0.175926
1 0.908333 0.691667 0.060417 0.096296
1 0.797917 0.562037 0.029167 0.068519
1 0.257292 0.575926 0.047917 0.090741
1 0.311979 0.603241 0.052083 0.054630
1 0.675521 0.612963 0.051042 0.103704
1 0.083854 0.476389 0.031250 0.058333
1 0.677344 0.382407 0.059896 0.075926
1 0.925260 0.282407 0.068229 0.100000
1 0.867708 0.276852 0.051042 0.044444
1 0.656771 0.197222 0.044792 0.075926
0 0.495833 0.132407 0.184375 0.262963
