1 0.215365 0.972685 0.030729 0.054630
1 0.372656 0.949537 0.044271 0.095370
1 0.440104 0.917130 0.037500 0.058333
0 0.580469 0.641667 0.271354 0.716667
0 0.839323 0.784259 0.127604 0.175926
1 0.908854 0.709259 0.060417 0.096296
1 0.797917 0.573148 0.029167 0.068519
1 0.254167 0.597222 0.047917 0.090741
1 0.310937 0.610648 0.052083 0.054630
1 0.675521 0.620370 0.051042 0.103704
1 0.083854 0.503241 0.031250 0.058333
1 0.674740 0.395370 0.059896 0.075926
1 0.924740 0.303704 0.068229 0.100000
1 0.867188 0.295370 0.051042 0.044444
1 0.654687 0.211111 0.044792 0.075926
0 0.495833 0.141204 0.188542 0.280556
