1 0.374479 0.959722 0.046875 0.080556
1 0.446354 0.940278 0.037500 0.058333
0 0.578906 0.651852 0.273438 0.696296
0 0.847135 0.802778 0.127604 0.175926
1 0.910937 0.721296 0.060417 0.096296
1 0.797917 0.586111 0.029167 0.068519
1 0.255729 0.621296 0.047917 0.090741
1 0.310937 0.641204 0.052083 0.054630
1 0.679688 0.656481 0.051042 0.103704
1 0.084375 0.532870 0.031250 0.058333
1 0.675260 0.416667 0.059896 0.075926
1 0.927865 0.318519 0.068229 0.100000
1 0.867188 0.307407 0.051042 0.044444
1 0.655729 0.230556 0.044792 0.075926
0 0.496354 0.151852 0.187500 0.301852
