1 0.445312 0.963426 0.037500 0.058333
0 0.581771 0.664352 0.272917 0.671296
0 0.846615 0.833333 0.127604 0.175926
1 0.908854 0.743519 0.060417 0.096296
1 0.797917 0.611111 0.029167 0.068519
1 0.256250 0.634259 0.047917 0.090741
1 0.308333 0.671759 0.052083 0.054630
1 0.680208 0.676852 0.051042 0.103704
1 0.081250 0.556019 0.031250 0.058333
1 0.675260 0.443519 0.059896 0.075926
1 0.923698 0.341667 0.068229 0.100000
1 0.866667 0.329630 0.051042 0.044444
1 0.652604 0.250000 0.044792 0.075926
0 0.501563 0.161111 0.202083 0.320370
