0 0.587760 0.705093 0.310937 0.528704
1 0.261979 0.362500 0.032292 0.062037
1 0.133333 0.926389 0.039583 0.063889
1 0.041927 0.919444 0.031771 0.061111
1 0.140365 0.151389 0.014063 0.041667
1 0.363802 0.780093 0.014063 0.045370
1 0.331510 0.337500 0.013021 0.030556
1 0.190885 0.484259 0.030729 0.057407
1 0.665104 0.915278 0.038542 0.056481
1 0.751042 0.931019 0.034375 0.049074
1 0.724740 0.800463 0.023438 0.036111
1 0.955990 0.628241 0.018229 0.032407
1 0.687760 0.272222 0.026562 0.062963
1 0.770052 0.714815 0.033854 0.027778
1 0.315885 0.784259 0.025521 0.048148
0 0.518229 0.256019 0.225000 0.358333
1 0.491927 0.483796 0.018229 0.026852
