0 0.579948 0.721296 0.317188 0.531481
0 0.511458 0.269907 0.220833 0.350926
1 0.254948 0.372685 0.025521 0.065741
1 0.326302 0.351389 0.015104 0.030556
1 0.310156 0.794444 0.026562 0.048148
1 0.354687 0.793056 0.015625 0.043519
1 0.125000 0.937963 0.038542 0.064815
1 0.032292 0.921759 0.025000 0.043519
1 0.716406 0.819444 0.025521 0.033333
1 0.663802 0.927315 0.021354 0.050926
1 0.746354 0.945370 0.035417 0.050000
1 0.483854 0.496296 0.021875 0.029630
1 0.680208 0.287500 0.031250 0.060185
1 0.948958 0.638889 0.022917 0.027778
1 0.762500 0.728704 0.035417 0.033333
1 0.971354 0.425000 0.045833 0.064815
1 0.910677 0.567130 0.017188 0.025000
1 0.183854 0.495833 0.032292 0.037963
1 0.130469 0.162963 0.013021 0.037037
