0 0.283854 0.833796 0.257292 0.332407
1 0.618229 0.942593 0.060417 0.096296
1 0.509635 0.844444 0.029687 0.068519
1 0.392969 0.934259 0.051562 0.103704
1 0.382031 0.721296 0.059896 0.075926
1 0.602344 0.572222 0.068229 0.100000
1 0.555208 0.569444 0.051042 0.044444
1 0.356510 0.541667 0.045312 0.075926
0 0.179167 0.400463 0.248958 0.473148
0 0.666667 0.438426 0.140625 0.243519
0 0.872917 0.572685 0.254167 0.500926
0 0.863542 0.861111 0.272917 0.277778
1 0.944792 0.435185 0.052083 0.068519
1 0.945573 0.492130 0.039062 0.039815
1 0.984635 0.512500 0.027604 0.063889
