0 0.248958 0.833796 0.257292 0.332407
1 0.598958 0.940741 0.060417 0.096296
1 0.485677 0.850000 0.029687 0.068519
1 0.377865 0.931481 0.051562 0.103704
1 0.363281 0.721296 0.059896 0.075926
1 0.580990 0.567593 0.068229 0.100000
1 0.532031 0.575926 0.051562 0.044444
1 0.334635 0.537037 0.045312 0.075926
0 0.153646 0.402315 0.248958 0.473148
0 0.642188 0.435648 0.140625 0.243519
0 0.833854 0.561574 0.254167 0.500926
0 0.854167 0.858333 0.291667 0.283333
1 0.928385 0.431481 0.049479 0.062963
1 0.923177 0.484722 0.039062 0.039815
1 0.959115 0.495833 0.027604 0.063889
