0 0.235417 0.833796 0.257292 0.332407
1 0.578646 0.938889 0.060417 0.096296
1 0.466927 0.842593 0.029687 0.068519
1 0.360156 0.928704 0.051562 0.103704
1 0.340885 0.720370 0.059896 0.075926
1 0.557552 0.563889 0.068229 0.100000
1 0.510156 0.570370 0.051562 0.044444
1 0.308594 0.537963 0.045312 0.075926
0 0.130208 0.405093 0.248958 0.473148
0 0.618750 0.432870 0.140625 0.243519
0 0.814323 0.574074 0.247396 0.479630
0 0.842969 0.856019 0.314063 0.287963
1 0.912760 0.426852 0.049479 0.062963
1 0.897656 0.478241 0.039062 0.039815
1 0.944010 0.489352 0.027604 0.063889
1 0.964583 0.222685 0.032292 0.080556
