0 0.213542 0.833796 0.257292 0.332407
1 0.554688 0.929630 0.060417 0.096296
1 0.447656 0.840741 0.029687 0.068519
1 0.341406 0.925926 0.051562 0.103704
1 0.322656 0.718519 0.059896 0.075926
1 0.533854 0.560185 0.068750 0.100000
1 0.487240 0.562037 0.051562 0.044444
1 0.287240 0.537963 0.045312 0.075926
0 0.117448 0.403704 0.233854 0.474074
0 0.601042 0.431019 0.140625 0.243519
0 0.796615 0.564815 0.247396 0.479630
0 0.820573 0.848611 0.313021 0.302778
1 0.888281 0.417593 0.049479 0.062963
1 0.882552 0.468519 0.039062 0.044444
1 0.920573 0.480093 0.027604 0.063889
1 0.945833 0.212500 0.032292 0.080556
