0 0.194792 0.833796 0.257292 0.332407
1 0.538021 0.920370 0.060417 0.096296
1 0.426302 0.833333 0.029687 0.068519
1 0.312240 0.918519 0.051562 0.103704
1 0.305990 0.711111 0.059896 0.075926
1 0.519792 0.551852 0.068750 0.100000
1 0.470573 0.558333 0.051562 0.044444
1 0.268490 0.530556 0.045312 0.075926
0 0.117188 0.410185 0.233333 0.474074
0 0.578646 0.429167 0.140625 0.243519
0 0.775260 0.562963 0.247396 0.479630
0 0.800260 0.848611 0.313021 0.302778
1 0.870573 0.409259 0.049479 0.062963
1 0.860156 0.455556 0.039062 0.044444
1 0.898177 0.467130 0.027604 0.063889
1 0.923438 0.204167 0.032292 0.080556
