0 0.159896 0.826389 0.264583 0.347222
1 0.518229 0.907407 0.060417 0.096296
1 0.405990 0.825000 0.029687 0.068519
1 0.293490 0.909259 0.051562 0.103704
1 0.280469 0.699074 0.059896 0.075926
1 0.519792 0.551852 0.068750 0.100000
1 0.450260 0.547222 0.051562 0.044444
1 0.248698 0.519444 0.045312 0.075926
0 0.097917 0.385648 0.194792 0.469444
0 0.557292 0.418056 0.140625 0.243519
0 0.755990 0.535185 0.247396 0.479630
0 0.786198 0.848611 0.313021 0.302778
1 0.853906 0.392593 0.049479 0.062963
1 0.847135 0.437037 0.039062 0.044444
1 0.879948 0.459722 0.027604 0.063889
1 0.904687 0.184722 0.032292 0.080556
