0 0.138802 0.823148 0.276562 0.353704
1 0.500000 0.909259 0.060417 0.096296
1 0.385677 0.816667 0.029687 0.068519
1 0.273177 0.906481 0.051562 0.103704
1 0.263281 0.698148 0.059896 0.075926
1 0.476823 0.534259 0.069271 0.100000
1 0.425260 0.535185 0.051562 0.044444
1 0.224740 0.512963 0.045312 0.075926
0 0.087240 0.378241 0.173437 0.484259
0 0.536979 0.406019 0.140625 0.243519
0 0.735156 0.529630 0.247396 0.479630
0 0.764844 0.848611 0.313021 0.302778
1 0.835156 0.383333 0.049479 0.062963
1 0.826302 0.430556 0.039062 0.044444
1 0.865885 0.449537 0.027604 0.063889
1 0.887500 0.178241 0.032292 0.080556
