0 0.133073 0.823611 0.265104 0.352778
1 0.484375 0.900926 0.060417 0.096296
1 0.366927 0.816667 0.029687 0.068519
1 0.254427 0.900926 0.051562 0.103704
1 0.243490 0.697222 0.059896 0.075926
1 0.457031 0.532407 0.069271 0.100000
1 0.408073 0.537037 0.051562 0.044444
1 0.210156 0.518519 0.045312 0.075926
0 0.078646 0.375926 0.156250 0.488889
0 0.510417 0.406019 0.140625 0.243519
0 0.712240 0.511111 0.247396 0.479630
0 0.748177 0.846759 0.313021 0.302778
1 0.807552 0.371296 0.049479 0.062963
1 0.807031 0.424074 0.039062 0.044444
1 0.844010 0.439352 0.027604 0.063889
1 0.867188 0.175463 0.032292 0.080556
1 0.968750 0.947685 0.062500 0.104630
