0 0.121875 0.820833 0.242708 0.358333
1 0.464062 0.894444 0.060417 0.096296
1 0.352344 0.798148 0.029687 0.068519
1 0.235677 0.900000 0.051562 0.103704
1 0.225260 0.688889 0.059896 0.075926
1 0.440365 0.520370 0.069271 0.100000
1 0.391406 0.525000 0.051562 0.044444
1 0.194531 0.508333 0.045312 0.075926
0 0.500000 0.386574 0.140625 0.243519
0 0.701823 0.520370 0.247396 0.479630
0 0.721615 0.800463 0.313021 0.302778
1 0.792448 0.366667 0.049479 0.062963
1 0.792969 0.419444 0.039062 0.044444
1 0.828385 0.434722 0.027604 0.063889
1 0.847396 0.166204 0.032292 0.080556
1 0.955469 0.942593 0.070312 0.114815
