0 0.115885 0.817130 0.230729 0.365741
1 0.449479 0.886111 0.060417 0.096296
1 0.338281 0.799074 0.029687 0.068519
1 0.221615 0.885185 0.051562 0.103704
1 0.209115 0.678704 0.059896 0.075926
1 0.425781 0.517593 0.069271 0.100000
1 0.374740 0.518519 0.051562 0.044444
1 0.179948 0.507407 0.045312 0.075926
0 0.480729 0.382870 0.140625 0.243519
0 0.686198 0.524074 0.247396 0.479630
0 0.704427 0.795833 0.313021 0.302778
1 0.780469 0.360185 0.049479 0.062963
1 0.778385 0.412037 0.039062 0.044444
1 0.816406 0.421759 0.027604 0.063889
1 0.837500 0.159722 0.032292 0.080556
1 0.942969 0.937963 0.070312 0.114815
