0 0.440104 0.301852 0.251042 0.533333
0 0.451302 0.613889 0.301563 0.418519
1 0.792188 0.721296 0.036458 0.062963
1 0.676042 0.400926 0.029167 0.072222
1 0.635938 0.342593 0.029167 0.085185
1 0.716146 0.267130 0.040625 0.076852
1 0.277083 0.889815 0.042708 0.092593
1 0.852604 0.221759 0.033333 0.060185
1 0.708594 0.716204 0.026562 0.036111
1 0.676823 0.630556 0.027604 0.094444
1 0.252344 0.021296 0.033854 0.040741
1 0.329688 0.800926 0.052083 0.114815
1 0.851562 0.127315 0.039583 0.063889
1 0.198437 0.714815 0.042708 0.062963
1 0.380729 0.225000 0.034375 0.055556
1 0.429948 0.085648 0.043229 0.043519
