0 0.504167 0.310648 0.225000 0.362037
1 0.317448 0.378704 0.015104 0.027778
1 0.123177 0.189815 0.013021 0.035185
1 0.673177 0.319907 0.030729 0.069444
1 0.963542 0.463426 0.043750 0.067593
1 0.708333 0.844444 0.025000 0.042593
1 0.650521 0.957870 0.039583 0.054630
1 0.735417 0.975463 0.032292 0.045370
1 0.116927 0.967130 0.039062 0.060185
1 0.010156 0.180556 0.017188 0.051852
1 0.477604 0.521759 0.015625 0.030556
1 0.247135 0.403241 0.026562 0.071296
1 0.303125 0.821296 0.023958 0.053704
1 0.025781 0.958796 0.033854 0.062037
1 0.903125 0.600463 0.017708 0.025000
1 0.348958 0.822222 0.016667 0.044444
1 0.753385 0.762037 0.039062 0.029630
