0 0.109635 0.812963 0.218229 0.374074
1 0.436979 0.882407 0.060417 0.096296
1 0.323698 0.793519 0.029687 0.068519
1 0.205990 0.887963 0.051562 0.103704
1 0.193490 0.677778 0.059896 0.075926
1 0.409635 0.513889 0.069271 0.100000
1 0.363802 0.512963 0.051562 0.044444
1 0.162760 0.499074 0.045312 0.075926
0 0.470833 0.381944 0.140625 0.243519
0 0.673698 0.489815 0.247396 0.479630
0 0.689323 0.788426 0.313021 0.302778
1 0.766406 0.354630 0.049479 0.062963
1 0.761719 0.401852 0.039062 0.044444
1 0.802344 0.415278 0.027604 0.063889
1 0.822917 0.153241 0.032292 0.080556
1 0.926302 0.929630 0.070312 0.114815
