0 0.099740 0.811574 0.198437 0.376852
1 0.419792 0.865741 0.060417 0.096296
1 0.307552 0.780556 0.029687 0.068519
1 0.191406 0.876852 0.051562 0.103704
1 0.180990 0.664815 0.059896 0.075926
1 0.390365 0.501852 0.069271 0.100000
1 0.345052 0.504630 0.051562 0.044444
1 0.149740 0.492593 0.045312 0.075926
0 0.453646 0.371759 0.140625 0.243519
0 0.653385 0.468519 0.247396 0.479630
0 0.670573 0.780093 0.313021 0.302778
1 0.753385 0.349074 0.049479 0.062963
1 0.751302 0.393519 0.039062 0.044444
1 0.786719 0.406944 0.027604 0.063889
1 0.809375 0.147685 0.032292 0.080556
1 0.911198 0.925000 0.070312 0.114815
