0 0.094531 0.809722 0.188021 0.380556
1 0.402604 0.857407 0.060417 0.096296
1 0.294010 0.774074 0.029687 0.068519
1 0.179948 0.869444 0.051562 0.103704
1 0.166406 0.661111 0.059896 0.075926
1 0.380469 0.491667 0.069271 0.100000
1 0.334635 0.498148 0.051562 0.044444
1 0.134635 0.477778 0.045312 0.075926
0 0.443750 0.360648 0.140625 0.243519
0 0.638281 0.469444 0.247396 0.479630
0 0.663802 0.787500 0.313021 0.302778
1 0.740365 0.337963 0.049479 0.062963
1 0.735677 0.382407 0.039062 0.044444
1 0.771615 0.400463 0.027604 0.063889
1 0.790625 0.134722 0.032292 0.080556
1 0.899219 0.918519 0.070312 0.114815
