0 0.084375 0.827778 0.167708 0.344444
1 0.391667 0.841667 0.060417 0.096296
1 0.276823 0.763889 0.029687 0.068519
1 0.164844 0.854630 0.051562 0.103704
1 0.151823 0.648148 0.059896 0.075926
1 0.364844 0.482407 0.069271 0.100000
1 0.321094 0.487037 0.051562 0.044444
1 0.119010 0.470370 0.045312 0.075926
0 0.419271 0.342130 0.140625 0.243519
0 0.617969 0.458333 0.247396 0.479630
0 0.645573 0.768056 0.313021 0.302778
1 0.723698 0.325000 0.049479 0.062963
1 0.727344 0.375000 0.039062 0.044444
1 0.757552 0.389352 0.027604 0.063889
1 0.790625 0.134722 0.032292 0.080556
1 0.883073 0.903704 0.070312 0.114815
0 0.950521 0.202778 0.098958 0.403704
