1 0.375000 0.835185 0.060417 0.096296
1 0.261719 0.753704 0.029687 0.068519
1 0.150260 0.837963 0.051562 0.103704
1 0.135156 0.639815 0.059896 0.075926
1 0.350260 0.470370 0.069271 0.100000
1 0.308073 0.475000 0.051562 0.044444
1 0.107031 0.458333 0.045312 0.075926
0 0.406771 0.339352 0.140625 0.243519
0 0.612240 0.450000 0.247396 0.479630
0 0.629427 0.751389 0.313021 0.302778
1 0.713802 0.316667 0.049479 0.062963
1 0.711198 0.363889 0.039062 0.044444
1 0.747656 0.378241 0.027604 0.063889
1 0.767708 0.113426 0.032292 0.080556
1 0.872135 0.893519 0.070312 0.114815
0 0.944271 0.195370 0.111458 0.388889
