1 0.365625 0.815741 0.060417 0.096296
1 0.252344 0.741667 0.029687 0.068519
1 0.137240 0.826852 0.051562 0.103704
1 0.125781 0.620370 0.059896 0.075926
1 0.339844 0.454630 0.069271 0.100000
1 0.291927 0.460185 0.051562 0.044444
1 0.097135 0.445370 0.045312 0.075926
0 0.398958 0.321759 0.140625 0.243519
0 0.592708 0.427778 0.247917 0.479630
0 0.610677 0.733796 0.313021 0.302778
1 0.705990 0.303704 0.049479 0.062963
1 0.701302 0.350926 0.039062 0.044444
1 0.736719 0.371759 0.027604 0.063889
1 0.755729 0.102315 0.032292 0.080556
1 0.860677 0.875926 0.070312 0.114815
0 0.934896 0.194444 0.130208 0.387037
0 0.288802 0.914815 0.097396 0.170370
