1 0.355729 0.797222 0.060417 0.096296
1 0.244531 0.719444 0.029687 0.068519
1 0.129948 0.806481 0.051562 0.103704
1 0.119531 0.598148 0.059896 0.075926
1 0.329427 0.440741 0.069271 0.100000
1 0.283073 0.440741 0.051562 0.044444
1 0.088281 0.427778 0.045312 0.075926
0 0.390625 0.301389 0.140625 0.243519
0 0.588021 0.414815 0.247917 0.479630
0 0.598698 0.717130 0.313021 0.302778
1 0.690365 0.286111 0.049479 0.062963
1 0.692969 0.339815 0.039062 0.044444
1 0.723698 0.353241 0.027604 0.063889
1 0.741667 0.083796 0.039583 0.080556
1 0.851823 0.859259 0.070312 0.114815
0 0.934896 0.194444 0.130208 0.387037
0 0.285677 0.893519 0.097396 0.170370
1 0.119792 0.733796 0.046875 0.049074
0 0.074479 0.807870 0.147917 0.384259
1 0.820312 0.109259 0.022917 0.037037
