1 0.349479 0.769444 0.060417 0.096296
1 0.238281 0.692593 0.029687 0.068519
1 0.112240 0.576852 0.059896 0.075926
1 0.322656 0.413889 0.069271 0.100000
1 0.272656 0.416667 0.051562 0.044444
1 0.079427 0.397222 0.045312 0.075926
0 0.377604 0.282870 0.140625 0.243519
0 0.577604 0.397222 0.247917 0.479630
0 0.595573 0.681019 0.313021 0.302778
1 0.684115 0.266667 0.049479 0.062963
1 0.684115 0.315741 0.039062 0.044444
1 0.719010 0.331019 0.027604 0.063889
1 0.735417 0.061574 0.039583 0.080556
1 0.844531 0.824074 0.070312 0.114815
0 0.932292 0.169444 0.135417 0.337037
0 0.276302 0.856481 0.097396 0.170370
0 0.073177 0.791204 0.145313 0.417593
1 0.809896 0.084259 0.022917 0.037037
1 0.112500 0.712037 0.047917 0.050000
1 0.125521 0.777315 0.054167 0.093519
