1 0.340104 0.738889 0.060417 0.096296
1 0.224740 0.656481 0.029687 0.068519
1 0.101302 0.543519 0.059896 0.075926
1 0.312760 0.382407 0.069271 0.100000
1 0.265365 0.386111 0.051562 0.044444
1 0.070052 0.375000 0.045312 0.075926
0 0.373958 0.258796 0.140625 0.243519
0 0.560417 0.370370 0.247917 0.479630
0 0.582552 0.655093 0.313021 0.302778
1 0.677344 0.255556 0.049479 0.062963
1 0.674219 0.286111 0.039062 0.044444
1 0.710677 0.306019 0.027604 0.063889
1 0.728125 0.035185 0.042708 0.068519
1 0.834115 0.812037 0.070312 0.114815
0 0.925000 0.155093 0.150000 0.308333
0 0.267969 0.833333 0.097396 0.170370
0 0.066927 0.774074 0.132812 0.451852
1 0.801562 0.058333 0.022917 0.037037
1 0.104948 0.693056 0.050521 0.065741
1 0.109375 0.748611 0.054167 0.093519
0 0.722135 0.890741 0.224479 0.218519
