1 0.325521 0.717593 0.060417 0.096296
1 0.216406 0.635185 0.029687 0.068519
1 0.091927 0.517593 0.059896 0.075926
1 0.303906 0.359259 0.069271 0.100000
1 0.254427 0.358333 0.051562 0.044444
1 0.062240 0.351852 0.045312 0.075926
0 0.361458 0.223611 0.140625 0.243519
0 0.556250 0.344444 0.247917 0.479630
0 0.577865 0.625463 0.313021 0.302778
1 0.664323 0.218056 0.049479 0.063889
1 0.667448 0.266667 0.039062 0.044444
1 0.701302 0.278241 0.027604 0.063889
1 0.728125 0.035185 0.042708 0.068519
1 0.823698 0.781481 0.070312 0.114815
0 0.927344 0.139815 0.145313 0.277778
0 0.253385 0.810185 0.097396 0.170370
0 0.072135 0.765278 0.143229 0.469444
1 0.801562 0.058333 0.022917 0.037037
1 0.104948 0.693056 0.050521 0.065741
1 0.096875 0.727315 0.054167 0.093519
0 0.712500 0.877315 0.222917 0.245370
0 0.954948 0.473611 0.090104 0.295370
