0 0.500521 0.325000 0.217708 0.355556
1 0.244271 0.415741 0.026042 0.077778
1 0.173958 0.534722 0.030208 0.054630
1 0.120573 0.206481 0.013021 0.044444
1 0.669531 0.331944 0.032813 0.063889
1 0.475260 0.536111 0.018229 0.033333
1 0.959896 0.477315 0.042708 0.065741
1 0.299740 0.830093 0.025521 0.049074
1 0.346354 0.835185 0.016667 0.050000
1 0.707031 0.863889 0.025521 0.033333
1 0.023177 0.968981 0.029687 0.052778
1 0.147656 0.345833 0.014063 0.021296
1 0.316667 0.390278 0.011458 0.025000
1 0.645573 0.970833 0.043229 0.052778
1 0.751042 0.774074 0.035417 0.031481
1 0.219531 0.893056 0.028646 0.023148
1 0.116146 0.471759 0.017708 0.032407
