1 0.317708 0.700000 0.060417 0.096296
1 0.208594 0.615741 0.029687 0.068519
1 0.080990 0.493519 0.053646 0.085185
1 0.295573 0.339815 0.069271 0.100000
1 0.244531 0.337963 0.051562 0.044444
1 0.052865 0.326852 0.045312 0.075926
0 0.349479 0.189815 0.140625 0.244444
0 0.543229 0.312963 0.247917 0.479630
0 0.567708 0.594907 0.313542 0.302778
1 0.654948 0.184722 0.049479 0.063889
1 0.657031 0.242593 0.039062 0.044444
1 0.691927 0.258796 0.027604 0.063889
1 0.815365 0.754630 0.070312 0.114815
0 0.927344 0.139815 0.145313 0.277778
0 0.246094 0.774074 0.097396 0.170370
0 0.071875 0.755556 0.142708 0.488889
1 0.730729 0.112037 0.022917 0.037037
1 0.085677 0.630093 0.050521 0.065741
1 0.092188 0.703241 0.054167 0.093519
0 0.700260 0.864815 0.228646 0.270370
0 0.951823 0.450463 0.096354 0.295370
1 0.781510 0.018981 0.025521 0.036111
