1 0.309375 0.671296 0.060417 0.096296
1 0.199219 0.588889 0.029687 0.068519
1 0.073177 0.475000 0.053646 0.085185
1 0.283594 0.314815 0.069271 0.100000
1 0.237240 0.312963 0.051562 0.044444
1 0.045052 0.302778 0.045312 0.075926
0 0.343229 0.170370 0.140625 0.244444
0 0.543229 0.289815 0.247917 0.479630
0 0.560417 0.554167 0.313542 0.302778
1 0.649740 0.169907 0.049479 0.063889
1 0.649219 0.226852 0.039062 0.044444
1 0.684115 0.241204 0.027604 0.063889
1 0.808073 0.734259 0.070312 0.114815
0 0.920312 0.146296 0.159375 0.290741
0 0.234635 0.757407 0.097396 0.170370
0 0.070573 0.744907 0.140104 0.510185
1 0.720313 0.099074 0.022917 0.037037
1 0.076823 0.605093 0.050521 0.065741
1 0.087500 0.677315 0.054167 0.093519
0 0.689063 0.848611 0.230208 0.302778
0 0.944271 0.412963 0.111458 0.287037
1 0.779948 0.038426 0.025521 0.036111
