1 0.306250 0.655556 0.060417 0.096296
1 0.190885 0.571296 0.029687 0.068519
1 0.070052 0.457407 0.053646 0.085185
1 0.276302 0.292593 0.069271 0.100000
1 0.227865 0.295370 0.051562 0.044444
1 0.038281 0.289815 0.045312 0.075926
0 0.335938 0.162037 0.140625 0.244444
0 0.526042 0.275926 0.247917 0.479630
0 0.554167 0.541204 0.313542 0.302778
1 0.638802 0.155093 0.049479 0.063889
1 0.639844 0.205093 0.039062 0.045370
1 0.675781 0.224074 0.027604 0.064815
1 0.799219 0.716667 0.070312 0.114815
0 0.920312 0.145833 0.159375 0.289815
0 0.234115 0.739815 0.097396 0.170370
0 0.066146 0.734259 0.131250 0.531481
1 0.718750 0.081481 0.022917 0.037037
1 0.064323 0.585648 0.050521 0.065741
1 0.081250 0.660648 0.054167 0.093519
0 0.677865 0.839815 0.232813 0.320370
0 0.944271 0.397222 0.111458 0.287037
