1 0.292187 0.631481 0.060417 0.096296
1 0.181510 0.550926 0.029687 0.068519
1 0.062240 0.433333 0.053646 0.085185
1 0.265365 0.277778 0.069271 0.100000
1 0.220052 0.279630 0.051562 0.044444
1 0.031510 0.269444 0.045312 0.075926
0 0.328646 0.138889 0.140625 0.244444
0 0.525521 0.262037 0.247917 0.479630
0 0.541667 0.533796 0.313542 0.302778
1 0.629427 0.139352 0.049479 0.063889
1 0.634635 0.190278 0.039062 0.045370
1 0.669010 0.206481 0.027604 0.064815
1 0.791406 0.699074 0.070312 0.114815
0 0.913281 0.129630 0.173437 0.257407
0 0.220052 0.712037 0.097396 0.170370
0 0.071354 0.724074 0.141667 0.551852
1 0.710417 0.062963 0.022917 0.037037
1 0.060156 0.568981 0.047396 0.058333
1 0.072917 0.641204 0.054167 0.093519
0 0.675781 0.831019 0.230729 0.337963
0 0.936458 0.373611 0.127083 0.286111
1 0.334635 0.964352 0.071354 0.071296
