1 0.290625 0.607407 0.060417 0.096296
1 0.178906 0.527778 0.029687 0.068519
1 0.055469 0.414815 0.053646 0.085185
1 0.259115 0.253704 0.069271 0.100000
1 0.214323 0.262037 0.051562 0.044444
1 0.026823 0.247685 0.045312 0.076852
0 0.318229 0.111111 0.143750 0.220370
0 0.511198 0.261111 0.245312 0.500000
0 0.533333 0.521759 0.313542 0.302778
1 0.624740 0.120833 0.049479 0.063889
1 0.624219 0.175463 0.039062 0.045370
1 0.661719 0.187037 0.027604 0.064815
1 0.783594 0.675000 0.070312 0.114815
0 0.909896 0.121759 0.180208 0.241667
0 0.217969 0.701852 0.097396 0.170370
0 0.071354 0.713426 0.141667 0.573148
1 0.701042 0.046296 0.022917 0.037037
1 0.055990 0.549537 0.044271 0.052778
1 0.062500 0.618981 0.054167 0.093519
0 0.664844 0.821296 0.223438 0.357407
0 0.936458 0.351389 0.127083 0.286111
1 0.331250 0.950463 0.064583 0.099074
