1 0.282292 0.584259 0.060417 0.096296
1 0.172656 0.504630 0.029687 0.068519
1 0.044531 0.391667 0.053646 0.085185
1 0.253385 0.226389 0.069271 0.100926
1 0.205469 0.229167 0.051562 0.045370
1 0.021615 0.220833 0.042188 0.075000
0 0.318229 0.111111 0.143750 0.220370
0 0.511719 0.250463 0.245312 0.499074
0 0.531250 0.499537 0.313542 0.302778
1 0.623177 0.099537 0.049479 0.063889
1 0.618490 0.149537 0.039062 0.045370
1 0.656510 0.168519 0.027604 0.064815
1 0.777865 0.655556 0.070312 0.114815
0 0.903906 0.110185 0.192188 0.218519
0 0.209115 0.664815 0.097396 0.170370
0 0.068490 0.704630 0.135937 0.590741
1 0.696354 0.027778 0.022917 0.037037
1 0.049219 0.516204 0.044271 0.052778
1 0.050521 0.594907 0.054167 0.093519
0 0.657813 0.808796 0.223958 0.382407
0 0.928646 0.343056 0.142708 0.302778
1 0.326562 0.931944 0.064583 0.099074
