1 0.271875 0.552315 0.055208 0.084259
1 0.162760 0.473148 0.029687 0.068519
1 0.039323 0.363889 0.053646 0.085185
1 0.246094 0.201852 0.069271 0.101852
1 0.198177 0.207407 0.051562 0.046296
1 0.021354 0.196759 0.041667 0.075000
0 0.302865 0.079167 0.131771 0.156481
0 0.513021 0.456019 0.313542 0.302778
1 0.612760 0.072685 0.049479 0.063889
1 0.610156 0.123611 0.039062 0.045370
1 0.647135 0.138889 0.027604 0.064815
1 0.765885 0.628241 0.064062 0.108333
0 0.893229 0.097685 0.190625 0.193519
0 0.194531 0.637963 0.097396 0.170370
0 0.066667 0.686111 0.132292 0.627778
1 0.040365 0.493056 0.044271 0.052778
1 0.039062 0.562500 0.054167 0.093519
0 0.649740 0.792593 0.225521 0.414815
0 0.925521 0.310648 0.148958 0.319444
1 0.313542 0.903241 0.064583 0.099074
0 0.477083 0.203241 0.201042 0.404630
