1 0.265104 0.529167 0.055208 0.084259
1 0.154948 0.450000 0.029687 0.068519
1 0.031510 0.328704 0.053646 0.085185
1 0.239583 0.167130 0.061458 0.104630
1 0.188802 0.173148 0.051562 0.046296
1 0.012760 0.171759 0.024479 0.075000
0 0.510417 0.425463 0.313542 0.302778
1 0.600781 0.049537 0.049479 0.063889
1 0.604948 0.102315 0.039062 0.045370
1 0.638802 0.117593 0.027604 0.064815
1 0.760156 0.600463 0.064062 0.108333
0 0.191406 0.612037 0.097396 0.170370
0 0.061198 0.668981 0.121354 0.662037
1 0.031510 0.461574 0.044271 0.052778
1 0.038021 0.529167 0.054167 0.093519
0 0.637500 0.781481 0.223958 0.437037
0 0.920573 0.294444 0.158854 0.322222
1 0.307292 0.873611 0.064583 0.099074
0 0.470313 0.181019 0.202083 0.360185
