1 0.253125 0.493056 0.055208 0.084259
1 0.149219 0.417593 0.029687 0.068519
1 0.027344 0.304630 0.053646 0.085185
1 0.235417 0.140278 0.061458 0.104630
1 0.184896 0.148611 0.045833 0.045370
0 0.510677 0.420833 0.310937 0.325000
1 0.596094 0.039352 0.049479 0.063889
1 0.599219 0.079167 0.039062 0.045370
1 0.635677 0.097222 0.027604 0.064815
1 0.751302 0.584722 0.064062 0.108333
0 0.183073 0.584259 0.097396 0.170370
0 0.057292 0.657407 0.113542 0.685185
1 0.026302 0.435648 0.044271 0.052778
1 0.033073 0.505093 0.058854 0.091667
0 0.631250 0.748148 0.227083 0.429630
0 0.916146 0.268981 0.167708 0.323148
1 0.297396 0.839352 0.064583 0.099074
0 0.462760 0.167130 0.207813 0.332407
