1 0.247396 0.469907 0.055208 0.084259
1 0.141927 0.387963 0.029687 0.068519
1 0.022135 0.275000 0.043229 0.088889
1 0.227083 0.119907 0.061458 0.104630
1 0.176042 0.118981 0.045833 0.045370
0 0.499740 0.387500 0.310937 0.325000
1 0.591927 0.056944 0.039062 0.045370
1 0.628385 0.075926 0.027604 0.064815
1 0.746615 0.556944 0.064062 0.108333
0 0.175000 0.547222 0.096875 0.151852
0 0.057813 0.801389 0.114583 0.397222
1 0.022396 0.411574 0.043750 0.052778
1 0.029687 0.479167 0.058333 0.091667
0 0.627083 0.723148 0.227083 0.429630
0 0.916146 0.243981 0.167708 0.323148
1 0.289583 0.813426 0.064583 0.099074
0 0.457552 0.151852 0.203646 0.301852
