0 0.500521 0.337037 0.217708 0.355556
1 0.119010 0.213889 0.009896 0.051852
1 0.665885 0.346296 0.031771 0.062963
1 0.956510 0.492593 0.044271 0.079630
1 0.242969 0.427778 0.024479 0.070370
1 0.313802 0.402778 0.014063 0.029630
1 0.298438 0.844907 0.030208 0.045370
1 0.342969 0.849074 0.015104 0.051852
1 0.116927 0.481944 0.022396 0.039815
1 0.170833 0.547222 0.032292 0.050000
1 0.935417 0.700463 0.020833 0.025000
1 0.749740 0.789352 0.038021 0.026852
1 0.979688 0.194907 0.028125 0.050926
1 0.786458 0.232407 0.018750 0.044444
1 0.701042 0.874074 0.021875 0.035185
1 0.897396 0.627315 0.016667 0.021296
