1 0.242708 0.444907 0.055208 0.084259
1 0.130990 0.362963 0.029687 0.068519
1 0.015885 0.246759 0.030729 0.093519
1 0.220312 0.090278 0.061458 0.104630
1 0.166667 0.093981 0.045833 0.045370
0 0.477344 0.357407 0.304688 0.325926
1 0.584635 0.034722 0.039062 0.045370
1 0.621094 0.053704 0.027604 0.064815
1 0.732552 0.539352 0.064062 0.108333
0 0.162500 0.511111 0.096875 0.151852
0 0.046615 0.786574 0.092188 0.426852
1 0.022396 0.440741 0.043750 0.092593
0 0.606250 0.694444 0.227083 0.429630
0 0.907552 0.219907 0.184896 0.319444
1 0.282292 0.792130 0.064583 0.099074
0 0.457552 0.145833 0.203646 0.289815
