1 0.232813 0.415278 0.055208 0.084259
1 0.120052 0.332407 0.029687 0.068519
1 0.208854 0.058796 0.061458 0.104630
1 0.156771 0.062500 0.045833 0.045370
0 0.477865 0.333333 0.304688 0.325926
1 0.611198 0.028704 0.027604 0.055556
1 0.725260 0.517130 0.064062 0.108333
0 0.151562 0.489815 0.096875 0.151852
0 0.040885 0.773148 0.080729 0.453704
0 0.601042 0.665741 0.227083 0.429630
0 0.907552 0.202315 0.184896 0.319444
1 0.266146 0.763426 0.064583 0.099074
0 0.453385 0.125926 0.211979 0.250000
1 0.331250 0.969444 0.035417 0.061111
