1 0.224479 0.382870 0.055208 0.084259
1 0.111198 0.300926 0.029687 0.068519
1 0.200521 0.037500 0.064583 0.073148
1 0.147396 0.030093 0.045833 0.045370
0 0.463281 0.306481 0.304688 0.325926
1 0.715885 0.493056 0.064062 0.108333
0 0.145313 0.460185 0.096875 0.151852
0 0.038802 0.714352 0.076563 0.391667
0 0.590625 0.634259 0.228125 0.446296
0 0.901823 0.176852 0.196354 0.312963
1 0.258854 0.733796 0.064583 0.099074
0 0.458854 0.110185 0.204167 0.218519
1 0.323698 0.952315 0.029687 0.084259
0 0.582292 0.928704 0.126042 0.142593
