0 0.496354 0.347685 0.229167 0.350926
1 0.666667 0.358796 0.030208 0.058333
1 0.116146 0.227315 0.015625 0.039815
1 0.235937 0.443981 0.029167 0.067593
1 0.167187 0.558333 0.032292 0.050000
1 0.293750 0.858333 0.029167 0.050000
1 0.338542 0.859259 0.015625 0.051852
1 0.782031 0.243519 0.015104 0.046296
1 0.953646 0.502778 0.045833 0.079630
1 0.932031 0.713426 0.017188 0.032407
1 0.844531 0.532870 0.027604 0.050926
1 0.700521 0.890278 0.029167 0.036111
1 0.108333 0.495833 0.018750 0.036111
1 0.140885 0.368519 0.016146 0.027778
1 0.309115 0.414352 0.015104 0.030556
1 0.468490 0.559722 0.018229 0.034259
1 0.745313 0.800463 0.036458 0.025000
1 0.698958 0.756944 0.038542 0.045370
1 0.893750 0.640278 0.016667 0.025000
