0 0.490365 0.359259 0.221354 0.357407
1 0.232292 0.447222 0.026042 0.059259
1 0.303906 0.423611 0.014063 0.026852
1 0.109115 0.235185 0.011979 0.040741
1 0.660677 0.370370 0.029687 0.059259
1 0.948698 0.512963 0.045312 0.070370
1 0.778385 0.257407 0.014063 0.046296
1 0.739323 0.811574 0.033854 0.026852
1 0.694010 0.900926 0.025521 0.035185
1 0.161198 0.570370 0.032813 0.050000
1 0.974219 0.217130 0.025521 0.050926
1 0.288542 0.870833 0.028125 0.045370
1 0.333594 0.869907 0.014063 0.052778
1 0.104948 0.503704 0.021354 0.031481
1 0.136719 0.375000 0.014063 0.025926
1 0.926823 0.725000 0.021354 0.029630
1 0.464583 0.572222 0.017708 0.029630
1 0.884896 0.348611 0.009375 0.023148
