0 0.486979 0.376852 0.219792 0.362963
1 0.229687 0.462037 0.028125 0.070370
1 0.105990 0.248148 0.014063 0.042593
1 0.283854 0.881944 0.023958 0.047222
1 0.331250 0.880556 0.015625 0.053704
1 0.657552 0.381481 0.033854 0.072222
1 0.969531 0.226852 0.029687 0.055556
1 0.947917 0.525926 0.046875 0.062963
1 0.693229 0.916667 0.027083 0.033333
1 0.736979 0.824537 0.037500 0.023148
1 0.838542 0.554630 0.023958 0.050000
1 0.157812 0.579630 0.034375 0.057407
1 0.461198 0.585185 0.018229 0.025926
1 0.301042 0.434722 0.012500 0.028704
1 0.132292 0.387500 0.014583 0.025000
1 0.100781 0.513426 0.017188 0.030556
1 0.925000 0.738426 0.023958 0.030556
1 0.887760 0.663889 0.015104 0.024074
1 0.883073 0.364352 0.013021 0.021296
