0 0.485156 0.394907 0.223438 0.360185
1 0.227604 0.474074 0.027083 0.062963
1 0.299479 0.450000 0.012500 0.024074
1 0.925260 0.755556 0.018229 0.029630
1 0.283594 0.893056 0.023438 0.049074
1 0.654687 0.398611 0.031250 0.067593
1 0.947396 0.541667 0.042708 0.062963
1 0.102865 0.258796 0.020313 0.041667
1 0.776823 0.281019 0.017188 0.047222
1 0.328906 0.895833 0.015104 0.054630
1 0.131510 0.401389 0.014063 0.025000
1 0.156250 0.593056 0.029167 0.052778
1 0.458594 0.600463 0.019271 0.030556
1 0.675521 0.050000 0.033333 0.085185
1 0.882552 0.376852 0.014063 0.025926
1 0.888021 0.678241 0.016667 0.028704
1 0.837760 0.572685 0.027604 0.045370
1 0.736458 0.841667 0.038542 0.027778
1 0.690625 0.931019 0.025000 0.037963
1 0.692969 0.803241 0.038021 0.049074
1 0.538542 0.710185 0.018750 0.035185
