1 0.197656 0.064815 0.060937 0.112963
1 0.252344 0.269907 0.031771 0.082407
0 0.475521 0.272685 0.132292 0.245370
0 0.513542 0.612500 0.277083 0.456481
0 0.926562 0.298148 0.146875 0.342593
1 0.816927 0.759722 0.039062 0.067593
1 0.294792 0.807407 0.050000 0.072222
1 0.797917 0.794444 0.054167 0.068519
1 0.361198 0.806944 0.034896 0.087963
1 0.361458 0.742130 0.038542 0.050926
0 0.102344 0.901389 0.203646 0.197222
1 0.216406 0.968519 0.042188 0.062963
1 0.277865 0.962500 0.046354 0.075000
1 0.865104 0.972685 0.043750 0.054630
