1 0.192708 0.050463 0.061458 0.099074
1 0.251823 0.246759 0.031771 0.082407
0 0.472917 0.248611 0.132292 0.245370
0 0.511979 0.596759 0.277083 0.456481
0 0.925781 0.273611 0.148438 0.356481
1 0.813281 0.731019 0.039062 0.067593
1 0.294792 0.783333 0.050000 0.072222
1 0.792708 0.774074 0.054167 0.068519
1 0.355990 0.788426 0.034896 0.087963
1 0.357812 0.707870 0.038542 0.050926
0 0.102344 0.901389 0.203646 0.197222
1 0.211198 0.950926 0.042188 0.062963
1 0.274740 0.944907 0.046354 0.075000
1 0.866146 0.958796 0.045833 0.062037
0 0.592187 0.905556 0.175000 0.188889
