0 0.480208 0.409722 0.222917 0.350926
1 0.226562 0.489815 0.028125 0.064815
1 0.655469 0.413426 0.032813 0.067593
1 0.674219 0.066667 0.030729 0.085185
1 0.971354 0.255093 0.034375 0.050926
1 0.925781 0.770370 0.023438 0.025926
1 0.692969 0.817130 0.038021 0.047222
1 0.737500 0.859259 0.042708 0.022222
1 0.691146 0.949537 0.022917 0.026852
1 0.278906 0.912963 0.025521 0.044444
1 0.327865 0.914815 0.019271 0.050000
1 0.950781 0.556481 0.043229 0.068519
1 0.888021 0.696759 0.016667 0.026852
1 0.837500 0.589815 0.033333 0.055556
1 0.536719 0.723611 0.018229 0.047222
1 0.458854 0.620370 0.019792 0.025926
1 0.298438 0.465278 0.013542 0.025000
1 0.777083 0.293519 0.022917 0.033333
1 0.883333 0.391667 0.012500 0.022222
1 0.102604 0.273611 0.011458 0.036111
1 0.128906 0.419444 0.014063 0.024074
1 0.097396 0.545370 0.018750 0.037037
1 0.154167 0.610648 0.029167 0.056481
