1 0.191406 0.036574 0.058854 0.071296
1 0.247656 0.221296 0.031771 0.083333
0 0.470833 0.229167 0.132292 0.245370
0 0.509375 0.581019 0.277083 0.456481
0 0.925781 0.273611 0.148438 0.356481
1 0.813281 0.719907 0.039062 0.067593
1 0.294271 0.765741 0.050000 0.072222
1 0.789583 0.762037 0.054167 0.068519
1 0.356510 0.770833 0.034896 0.087963
1 0.355208 0.692130 0.038542 0.050926
0 0.096875 0.886574 0.192708 0.226852
1 0.210156 0.926852 0.042188 0.062963
1 0.271615 0.920833 0.046354 0.075000
1 0.863542 0.935185 0.039583 0.064815
0 0.596354 0.896759 0.182292 0.206481
1 0.355208 0.897685 0.044792 0.082407
