1 0.244010 0.212037 0.031771 0.083333
0 0.468750 0.215278 0.132292 0.245370
0 0.503646 0.572685 0.277083 0.456481
0 0.922656 0.250926 0.154688 0.414815
1 0.805990 0.692130 0.039062 0.067593
1 0.293750 0.739815 0.050000 0.072222
1 0.782292 0.732407 0.054167 0.068519
1 0.354948 0.744907 0.034896 0.087963
1 0.355208 0.669907 0.038542 0.050926
0 0.096354 0.877315 0.191667 0.245370
1 0.210156 0.905556 0.042188 0.062963
1 0.267969 0.900463 0.046354 0.075000
1 0.856771 0.913889 0.039583 0.064815
0 0.594531 0.885648 0.186979 0.228704
1 0.351042 0.881019 0.044792 0.082407
