1 0.241927 0.194444 0.031771 0.083333
0 0.470833 0.206019 0.132292 0.245370
0 0.500000 0.542130 0.277083 0.456481
0 0.917708 0.231019 0.164583 0.404630
1 0.798698 0.670833 0.039062 0.067593
1 0.290625 0.725000 0.050000 0.072222
1 0.778646 0.713889 0.054167 0.068519
1 0.354427 0.733796 0.034896 0.087963
1 0.350000 0.646759 0.038542 0.050926
0 0.096615 0.865741 0.192188 0.268519
1 0.207552 0.881481 0.042188 0.062963
1 0.264844 0.885648 0.046354 0.075000
1 0.849479 0.895370 0.039583 0.064815
0 0.591667 0.870833 0.185417 0.258333
1 0.348438 0.856944 0.044792 0.082407
1 0.372917 0.944444 0.052083 0.064815
