1 0.237240 0.175926 0.031771 0.083333
0 0.457813 0.171759 0.132292 0.245370
0 0.496354 0.531019 0.277083 0.456481
0 0.914323 0.215741 0.171354 0.405556
1 0.792969 0.654167 0.039062 0.067593
1 0.283333 0.700000 0.050000 0.072222
1 0.775000 0.697222 0.054167 0.068519
1 0.348177 0.702315 0.034896 0.087963
1 0.344271 0.631944 0.038542 0.050926
0 0.095052 0.854167 0.189062 0.291667
1 0.199740 0.861111 0.042188 0.062963
1 0.259115 0.861574 0.046354 0.075000
1 0.845833 0.867593 0.039583 0.064815
0 0.581771 0.860185 0.177083 0.279630
1 0.342708 0.834722 0.044792 0.082407
1 0.366667 0.924074 0.052083 0.064815
