1 0.234635 0.152778 0.031771 0.083333
0 0.454688 0.154167 0.132292 0.245370
0 0.492708 0.505093 0.277083 0.456481
0 0.914323 0.214815 0.171354 0.405556
1 0.786719 0.632870 0.039062 0.067593
1 0.282292 0.672222 0.050000 0.072222
1 0.767708 0.676852 0.054167 0.068519
1 0.340885 0.680093 0.034896 0.087963
1 0.341146 0.606019 0.038542 0.050926
0 0.093229 0.842593 0.185417 0.314815
1 0.197656 0.834259 0.042188 0.062963
1 0.259635 0.833796 0.046354 0.075000
1 0.841667 0.850000 0.039583 0.064815
0 0.574479 0.850000 0.180208 0.300000
1 0.341667 0.808796 0.044792 0.082407
1 0.365625 0.903704 0.052083 0.064815
