1 0.232031 0.134259 0.031771 0.083333
0 0.455729 0.130093 0.132292 0.245370
0 0.489063 0.490278 0.277083 0.456481
0 0.913281 0.186111 0.173437 0.370370
1 0.783594 0.606019 0.039062 0.067593
1 0.279167 0.653704 0.050000 0.072222
1 0.761979 0.648148 0.054167 0.068519
1 0.338802 0.656019 0.034896 0.087963
1 0.340104 0.586574 0.038542 0.050926
0 0.089583 0.831481 0.178125 0.337037
1 0.192969 0.814815 0.042188 0.062963
1 0.254427 0.820833 0.046354 0.075000
1 0.833333 0.828704 0.039583 0.064815
0 0.602604 0.837037 0.245833 0.325926
1 0.340625 0.787500 0.044792 0.082407
1 0.360938 0.865741 0.052083 0.064815
