1 0.228906 0.116667 0.031771 0.083333
0 0.446094 0.112963 0.122396 0.224074
0 0.479687 0.452315 0.277083 0.456481
0 0.907813 0.150926 0.184375 0.300000
1 0.777344 0.593981 0.039062 0.067593
1 0.275000 0.637037 0.050000 0.072222
1 0.757812 0.628704 0.054167 0.068519
1 0.334115 0.630093 0.034896 0.087963
1 0.336458 0.563426 0.038542 0.050926
0 0.086198 0.820370 0.171354 0.359259
1 0.190885 0.794444 0.042188 0.062963
1 0.252865 0.788426 0.046354 0.075000
1 0.828646 0.807407 0.039583 0.064815
0 0.595573 0.829630 0.246354 0.340741
1 0.332292 0.764352 0.044792 0.082407
1 0.356771 0.853704 0.052083 0.064815
1 0.239323 0.947222 0.045312 0.072222
