1 0.225260 0.092593 0.031771 0.083333
0 0.440885 0.099537 0.125521 0.197222
0 0.477083 0.445833 0.277083 0.456481
0 0.907813 0.150926 0.184375 0.300000
1 0.773177 0.573611 0.039062 0.067593
1 0.270313 0.612037 0.050000 0.072222
1 0.753125 0.608333 0.054167 0.068519
1 0.331510 0.609722 0.034896 0.087963
1 0.331771 0.542130 0.038542 0.050926
0 0.084375 0.808333 0.167708 0.383333
1 0.188281 0.767593 0.042188 0.062963
1 0.248698 0.769907 0.046354 0.075000
1 0.823958 0.788889 0.039583 0.064815
0 0.589583 0.813889 0.244792 0.372222
1 0.329167 0.742130 0.044792 0.082407
1 0.352083 0.832407 0.052083 0.064815
1 0.234635 0.925926 0.045312 0.072222
