1 0.224219 0.073148 0.031771 0.083333
0 0.439844 0.099074 0.125521 0.196296
0 0.471354 0.411574 0.277083 0.456481
0 0.906510 0.146296 0.186979 0.290741
1 0.769531 0.547685 0.039062 0.067593
1 0.271354 0.582407 0.050000 0.072222
1 0.748437 0.584259 0.054167 0.068519
1 0.329427 0.583796 0.034896 0.087963
1 0.326562 0.511574 0.038542 0.050926
0 0.082812 0.793056 0.164583 0.413889
1 0.187760 0.741667 0.042188 0.062963
1 0.247656 0.740278 0.046354 0.075000
1 0.820833 0.757407 0.039583 0.064815
0 0.590885 0.804167 0.240104 0.391667
1 0.328125 0.707870 0.044792 0.082407
1 0.353125 0.798148 0.052083 0.064815
1 0.232552 0.900000 0.045312 0.072222
0 0.952604 0.627315 0.094792 0.745370
