1 0.220573 0.046296 0.031771 0.083333
0 0.435677 0.077778 0.128646 0.153704
0 0.470313 0.393981 0.277083 0.456481
0 0.903906 0.134722 0.192188 0.267593
1 0.766927 0.524537 0.039062 0.067593
1 0.267188 0.558333 0.050000 0.072222
1 0.746354 0.561111 0.054167 0.068519
1 0.326302 0.558796 0.034896 0.087963
1 0.324479 0.489352 0.038542 0.050926
0 0.082031 0.782870 0.163021 0.434259
1 0.184635 0.716667 0.042188 0.062963
1 0.246615 0.717130 0.046354 0.075000
1 0.818229 0.724074 0.038542 0.087037
0 0.588802 0.787037 0.239063 0.425926
1 0.325521 0.682870 0.044792 0.082407
1 0.348958 0.774074 0.052083 0.064815
1 0.232031 0.874074 0.045312 0.072222
0 0.952604 0.627315 0.094792 0.745370
1 0.390104 0.970833 0.034375 0.058333
