0 0.486198 0.433796 0.221354 0.363889
1 0.227083 0.503704 0.023958 0.068519
1 0.153125 0.626852 0.036458 0.051852
1 0.098437 0.559722 0.019792 0.039815
1 0.100781 0.287500 0.009896 0.045370
1 0.658854 0.429167 0.031250 0.067593
1 0.778906 0.307870 0.017188 0.043519
1 0.888021 0.410185 0.009375 0.020370
1 0.675521 0.079167 0.038542 0.086111
1 0.974740 0.275000 0.029687 0.050000
1 0.839323 0.606944 0.030729 0.047222
1 0.890885 0.712500 0.016146 0.021296
1 0.953125 0.574537 0.043750 0.075000
1 0.740104 0.876852 0.037500 0.027778
1 0.695573 0.841204 0.033854 0.052778
1 0.539844 0.744907 0.015104 0.039815
1 0.327344 0.933796 0.014063 0.043519
1 0.281250 0.933796 0.026042 0.043519
1 0.298698 0.479630 0.014063 0.029630
1 0.460677 0.634722 0.016146 0.025000
1 0.128125 0.434722 0.013542 0.021296
