1 0.225260 0.035185 0.030729 0.068519
0 0.439583 0.068519 0.128125 0.135185
0 0.471875 0.381944 0.277083 0.456481
0 0.903646 0.110648 0.192708 0.219444
1 0.769531 0.504167 0.039062 0.067593
1 0.271875 0.539815 0.050000 0.072222
1 0.746875 0.544444 0.054167 0.068519
1 0.326823 0.540278 0.034896 0.087963
1 0.327083 0.470833 0.038542 0.050926
0 0.084896 0.772685 0.168750 0.454630
1 0.187240 0.697222 0.042188 0.062963
1 0.248177 0.693981 0.046354 0.075000
1 0.820312 0.710185 0.038542 0.087037
0 0.588021 0.781019 0.244792 0.437963
1 0.327083 0.662500 0.044792 0.082407
1 0.353125 0.754630 0.052083 0.064815
1 0.234635 0.851852 0.045312 0.072222
0 0.952604 0.627315 0.094792 0.745370
1 0.392708 0.960648 0.034375 0.058333
