1 0.228385 0.021759 0.036979 0.041667
0 0.442448 0.058333 0.119271 0.114815
0 0.472396 0.375463 0.277083 0.456481
1 0.772135 0.484722 0.039062 0.067593
1 0.271875 0.519444 0.050000 0.072222
1 0.749479 0.523148 0.054167 0.068519
1 0.328385 0.519907 0.034896 0.087963
1 0.330729 0.449537 0.038542 0.050926
0 0.086979 0.759259 0.172917 0.481481
1 0.190885 0.675926 0.042188 0.062963
1 0.250781 0.674537 0.046354 0.075000
1 0.820312 0.700926 0.038542 0.087037
0 0.587500 0.770833 0.243750 0.458333
1 0.326042 0.645833 0.044792 0.082407
1 0.353125 0.737963 0.052083 0.064815
1 0.236719 0.836111 0.045312 0.072222
0 0.952604 0.627315 0.094792 0.745370
1 0.392708 0.932870 0.034375 0.058333
