0 0.469271 0.333796 0.277083 0.456481
1 0.777344 0.456019 0.039062 0.067593
1 0.271875 0.489815 0.050000 0.072222
1 0.753125 0.499074 0.054167 0.068519
1 0.331510 0.493056 0.034896 0.087963
1 0.333333 0.423611 0.038542 0.050926
0 0.086719 0.698148 0.172396 0.411111
1 0.192448 0.648148 0.042188 0.062963
1 0.252865 0.649537 0.046354 0.075000
1 0.825521 0.662037 0.038542 0.087037
0 0.590625 0.757407 0.239583 0.485185
1 0.327604 0.614352 0.044792 0.082407
1 0.353125 0.737963 0.052083 0.064815
1 0.236719 0.836111 0.045312 0.072222
0 0.952604 0.627315 0.094792 0.745370
1 0.395313 0.904167 0.034375 0.058333
