0 0.468229 0.295370 0.277083 0.457407
1 0.773698 0.432870 0.039062 0.067593
1 0.272396 0.469444 0.050000 0.072222
1 0.752604 0.473148 0.054167 0.068519
1 0.330990 0.467130 0.034896 0.087963
1 0.328125 0.398611 0.038542 0.050926
0 0.086458 0.660185 0.171875 0.411111
1 0.188802 0.626852 0.042188 0.062963
1 0.247656 0.637500 0.046354 0.075000
1 0.826562 0.639815 0.038542 0.087037
0 0.590625 0.744444 0.244792 0.511111
1 0.327083 0.593056 0.044792 0.082407
1 0.353646 0.686111 0.052083 0.064815
1 0.236198 0.783333 0.045312 0.072222
0 0.951302 0.620370 0.097396 0.759259
1 0.394271 0.875463 0.034375 0.058333
