0 0.466146 0.277778 0.277083 0.457407
1 0.771094 0.419907 0.039062 0.067593
1 0.267708 0.451852 0.050000 0.072222
1 0.750000 0.456481 0.054167 0.068519
1 0.330990 0.458796 0.034896 0.087963
1 0.328125 0.381019 0.038542 0.050926
0 0.086198 0.648148 0.171354 0.411111
1 0.183594 0.611111 0.042188 0.062963
1 0.240885 0.618981 0.046354 0.075000
1 0.820833 0.624074 0.038542 0.087037
0 0.588542 0.732407 0.243750 0.535185
1 0.325521 0.577315 0.044792 0.082407
1 0.349479 0.668519 0.052083 0.064815
1 0.234115 0.764815 0.045312 0.072222
0 0.951302 0.620370 0.097396 0.759259
1 0.394271 0.875463 0.034375 0.058333
1 0.432031 0.944907 0.056771 0.075000
