0 0.461458 0.266667 0.277083 0.457407
1 0.762240 0.404167 0.039062 0.067593
1 0.263021 0.433333 0.050000 0.072222
1 0.744271 0.440741 0.054167 0.068519
1 0.326302 0.432870 0.034896 0.087963
1 0.324479 0.361574 0.038542 0.050926
0 0.085938 0.630556 0.170833 0.411111
1 0.177865 0.590741 0.042188 0.062963
1 0.236719 0.602315 0.046354 0.075000
1 0.815104 0.608333 0.038542 0.087037
0 0.585938 0.723611 0.248958 0.552778
1 0.320312 0.555093 0.044792 0.082407
1 0.343750 0.650000 0.052083 0.064815
1 0.226823 0.750000 0.045312 0.072222
0 0.951302 0.620370 0.097396 0.759259
1 0.384896 0.852315 0.034375 0.058333
1 0.426302 0.924537 0.056771 0.075000
