0 0.458073 0.252778 0.277604 0.457407
1 0.758594 0.390278 0.039062 0.067593
1 0.260417 0.416667 0.050000 0.072222
1 0.741667 0.427778 0.054167 0.068519
1 0.320052 0.411574 0.034896 0.087963
1 0.315104 0.344907 0.038542 0.050926
0 0.085677 0.612037 0.170313 0.411111
1 0.173698 0.577778 0.042188 0.062963
1 0.234115 0.578241 0.046354 0.075000
1 0.810937 0.592593 0.038542 0.087037
0 0.580990 0.712037 0.244271 0.575926
1 0.318750 0.539352 0.044792 0.082407
1 0.338542 0.637037 0.052083 0.064815
1 0.222135 0.737037 0.045312 0.072222
0 0.947917 0.619444 0.104167 0.761111
1 0.381250 0.831019 0.034375 0.058333
1 0.421615 0.900463 0.056771 0.075000
