0 0.457552 0.253704 0.260937 0.455556
1 0.754948 0.379167 0.039062 0.067593
1 0.257812 0.407407 0.050000 0.072222
1 0.735938 0.418519 0.054167 0.068519
1 0.312240 0.407870 0.034896 0.087963
1 0.315625 0.338426 0.038542 0.050926
0 0.079687 0.607407 0.158333 0.420370
1 0.172656 0.563889 0.042188 0.062963
1 0.232552 0.563426 0.046354 0.075000
1 0.805729 0.586111 0.038542 0.087037
0 0.577865 0.712037 0.244271 0.575926
1 0.310937 0.527315 0.044792 0.082407
1 0.335417 0.622222 0.052083 0.064815
1 0.219531 0.723148 0.045312 0.072222
0 0.942969 0.618056 0.114062 0.763889
1 0.381250 0.831019 0.034375 0.058333
1 0.421615 0.900463 0.056771 0.075000
