0 0.455469 0.253704 0.260937 0.455556
1 0.749740 0.372685 0.039062 0.067593
1 0.251563 0.398148 0.050000 0.072222
1 0.729688 0.412037 0.054167 0.068519
1 0.311719 0.398611 0.034896 0.087963
1 0.310937 0.332870 0.038542 0.050926
0 0.075000 0.609722 0.148958 0.415741
1 0.170573 0.557407 0.042188 0.062963
1 0.227865 0.555093 0.046354 0.075000
1 0.802083 0.578704 0.038542 0.087037
0 0.571875 0.705556 0.239583 0.588889
1 0.309375 0.521759 0.044792 0.082407
1 0.331771 0.616667 0.052083 0.064815
1 0.216406 0.718519 0.045312 0.072222
0 0.939583 0.618056 0.120833 0.763889
1 0.374479 0.821759 0.034375 0.058333
1 0.411198 0.877315 0.056771 0.075000
1 0.805729 0.959722 0.055208 0.080556
