0 0.451302 0.242130 0.260937 0.456481
1 0.748698 0.367130 0.039062 0.067593
1 0.245312 0.393519 0.050000 0.072222
1 0.727604 0.401852 0.054167 0.068519
1 0.304427 0.390278 0.034896 0.087963
1 0.304688 0.323611 0.038542 0.050926
0 0.074740 0.599537 0.148438 0.415741
1 0.165365 0.552778 0.042188 0.062963
1 0.222135 0.552315 0.046354 0.075000
1 0.798438 0.575926 0.038542 0.087037
0 0.565104 0.700463 0.236458 0.599074
1 0.304688 0.512500 0.044792 0.082407
1 0.327083 0.604630 0.052083 0.064815
1 0.210677 0.704630 0.045312 0.072222
0 0.939583 0.618056 0.120833 0.763889
1 0.368229 0.813426 0.034375 0.058333
1 0.406510 0.881944 0.056771 0.075000
1 0.805729 0.959722 0.055208 0.080556
0 0.046094 0.929630 0.091146 0.140741
0 0.272135 0.945370 0.092188 0.109259
