0 0.485677 0.447685 0.219271 0.360185
1 0.658854 0.449537 0.031250 0.060185
1 0.100000 0.307407 0.014583 0.035185
1 0.223958 0.530093 0.025000 0.065741
1 0.298177 0.500000 0.014063 0.029630
1 0.677865 0.094907 0.026562 0.086111
1 0.977604 0.291667 0.027083 0.050000
1 0.953646 0.594907 0.046875 0.065741
1 0.932031 0.811574 0.017188 0.026852
1 0.460156 0.654167 0.017188 0.028704
1 0.280729 0.953704 0.023958 0.042593
1 0.326562 0.958333 0.014583 0.050000
1 0.539323 0.768981 0.017188 0.041667
1 0.741927 0.899074 0.039062 0.022222
1 0.696094 0.861574 0.032813 0.047222
1 0.894010 0.734259 0.014063 0.016667
1 0.149479 0.648611 0.027083 0.047222
1 0.093750 0.581019 0.016667 0.036111
1 0.840885 0.618056 0.022396 0.032407
