0 0.448698 0.232870 0.260937 0.456481
1 0.744010 0.357870 0.039062 0.067593
1 0.243229 0.383333 0.050000 0.072222
1 0.726042 0.395370 0.054167 0.068519
1 0.301823 0.381019 0.034896 0.087963
1 0.302083 0.315278 0.038542 0.050926
0 0.074479 0.588426 0.147917 0.415741
1 0.158073 0.541667 0.042188 0.062963
1 0.217448 0.539352 0.046354 0.075000
1 0.793750 0.562963 0.038542 0.087037
0 0.560937 0.696759 0.233333 0.606481
1 0.301563 0.504167 0.044792 0.082407
1 0.326042 0.599074 0.052083 0.064815
1 0.208073 0.700926 0.045312 0.072222
0 0.940365 0.581019 0.119271 0.837963
1 0.365104 0.800463 0.034375 0.058333
1 0.407031 0.871759 0.056771 0.075000
1 0.805208 0.950463 0.054167 0.099074
0 0.046615 0.925926 0.092188 0.148148
0 0.272135 0.942593 0.092188 0.114815
