0 0.447396 0.211574 0.262500 0.421296
1 0.745052 0.341204 0.039062 0.067593
1 0.241667 0.371296 0.050000 0.072222
1 0.725521 0.374074 0.054167 0.068519
1 0.300781 0.365278 0.034896 0.087963
1 0.301042 0.294907 0.038542 0.050926
0 0.074219 0.559722 0.147396 0.415741
1 0.157552 0.519444 0.042188 0.062963
1 0.217969 0.522685 0.046354 0.075000
1 0.793229 0.543519 0.038542 0.087037
0 0.560156 0.683333 0.239063 0.633333
1 0.296875 0.487037 0.041667 0.079630
1 0.322396 0.585185 0.052083 0.064815
1 0.205990 0.677778 0.045312 0.072222
0 0.938021 0.572685 0.123958 0.854630
1 0.365625 0.779167 0.034375 0.058333
1 0.405990 0.849537 0.056771 0.075000
1 0.806771 0.940278 0.054167 0.099074
0 0.050000 0.912963 0.098958 0.174074
0 0.271875 0.930093 0.091667 0.139815
