0 0.482812 0.175926 0.172917 0.350000
1 0.748698 0.303241 0.039062 0.067593
1 0.242708 0.338889 0.050000 0.072222
1 0.722396 0.347222 0.054167 0.068519
1 0.298698 0.335648 0.034896 0.087963
1 0.297917 0.270833 0.038542 0.050926
0 0.073958 0.530093 0.146875 0.415741
1 0.159635 0.496296 0.042188 0.062963
1 0.219010 0.505093 0.046354 0.075000
1 0.793229 0.524074 0.038542 0.087037
0 0.562500 0.674074 0.243750 0.651852
1 0.296875 0.487037 0.041667 0.079630
1 0.322396 0.585185 0.052083 0.064815
1 0.207552 0.650000 0.045312 0.072222
0 0.935417 0.557870 0.129167 0.884259
1 0.365104 0.753241 0.034375 0.058333
1 0.405469 0.823611 0.056771 0.075000
1 0.803125 0.911111 0.052083 0.105556
0 0.051823 0.896759 0.102604 0.206481
0 0.259635 0.913426 0.103646 0.173148
