0 0.482292 0.161111 0.173958 0.320370
1 0.744531 0.293056 0.039062 0.067593
1 0.241667 0.312963 0.050000 0.072222
1 0.725000 0.325926 0.054167 0.068519
1 0.300781 0.307870 0.034896 0.087963
1 0.300521 0.239352 0.038542 0.050926
0 0.069271 0.497222 0.137500 0.418519
1 0.157552 0.463889 0.042188 0.062963
1 0.216406 0.469907 0.046354 0.075000
1 0.793229 0.493519 0.038542 0.087037
0 0.564063 0.659259 0.243750 0.681481
1 0.296875 0.432407 0.041667 0.079630
1 0.320312 0.522222 0.052083 0.064815
1 0.207552 0.625926 0.045312 0.072222
0 0.938542 0.534722 0.122917 0.884259
1 0.365625 0.726389 0.034375 0.058333
1 0.406510 0.794907 0.056771 0.075000
1 0.803646 0.893519 0.052083 0.105556
0 0.051823 0.883796 0.102604 0.232407
0 0.255208 0.900926 0.105208 0.198148
