0 0.482031 0.150463 0.176563 0.299074
1 0.746094 0.274537 0.039062 0.067593
1 0.244792 0.295370 0.050000 0.072222
1 0.724479 0.311111 0.054167 0.068519
1 0.302344 0.296759 0.034896 0.087963
1 0.301563 0.223148 0.038542 0.051852
0 0.070573 0.486574 0.140104 0.419444
1 0.159635 0.451852 0.042188 0.062963
1 0.219531 0.456944 0.046354 0.075000
1 0.794271 0.475926 0.038542 0.087037
0 0.563542 0.650926 0.246875 0.698148
1 0.299479 0.413889 0.041667 0.079630
1 0.323437 0.503704 0.052083 0.064815
1 0.208073 0.610185 0.045312 0.072222
0 0.939844 0.520833 0.120313 0.895370
1 0.366146 0.707870 0.034375 0.058333
1 0.404427 0.769907 0.056771 0.075000
1 0.803646 0.874074 0.052083 0.105556
0 0.053906 0.873611 0.106771 0.252778
0 0.250521 0.889815 0.115625 0.220370
