0 0.483073 0.143056 0.174479 0.284259
1 0.746094 0.256944 0.039062 0.067593
1 0.247396 0.277778 0.050000 0.072222
1 0.724479 0.291667 0.054167 0.068519
1 0.304427 0.270833 0.034896 0.087963
1 0.305729 0.202778 0.038542 0.051852
0 0.073177 0.463889 0.145313 0.427778
1 0.165365 0.429630 0.042188 0.062963
1 0.224219 0.426389 0.046354 0.075000
1 0.790625 0.455556 0.038542 0.087037
0 0.563542 0.642130 0.246875 0.715741
1 0.300000 0.387037 0.041667 0.079630
1 0.326042 0.481481 0.052083 0.064815
1 0.214844 0.586111 0.045312 0.072222
0 0.939844 0.497685 0.120313 0.895370
1 0.370833 0.677315 0.034375 0.058333
1 0.410156 0.743056 0.056771 0.075000
1 0.800521 0.844444 0.052083 0.105556
0 0.056771 0.856944 0.112500 0.286111
0 0.258073 0.873611 0.119271 0.252778
1 0.304167 0.956481 0.043750 0.064815
1 0.342448 0.964815 0.042188 0.070370
