0 0.483854 0.128241 0.171875 0.254630
1 0.745573 0.223611 0.039062 0.067593
1 0.250000 0.242593 0.050000 0.072222
1 0.724479 0.262963 0.054167 0.068519
1 0.304948 0.240278 0.034896 0.087963
1 0.303646 0.177778 0.038542 0.051852
0 0.072917 0.421296 0.144792 0.427778
1 0.166406 0.399074 0.042188 0.062963
1 0.222135 0.402315 0.046354 0.075000
1 0.790625 0.430556 0.038542 0.087037
0 0.563542 0.512963 0.247917 0.514815
1 0.305208 0.355556 0.041667 0.079630
1 0.327083 0.450926 0.052083 0.064815
1 0.212760 0.554630 0.045312 0.072222
0 0.939844 0.467130 0.120313 0.895370
1 0.368229 0.654167 0.034375 0.058333
1 0.408073 0.717130 0.056771 0.075000
1 0.798438 0.813889 0.052083 0.105556
0 0.055990 0.842130 0.110937 0.315741
0 0.258073 0.839352 0.119271 0.252778
1 0.302604 0.925000 0.043750 0.064815
1 0.335677 0.937037 0.042188 0.070370
0 0.540104 0.887963 0.202083 0.224074
