0 0.483854 0.114352 0.169792 0.226852
1 0.743490 0.200463 0.039062 0.067593
1 0.250000 0.219907 0.050000 0.073148
1 0.720313 0.240741 0.054167 0.068519
1 0.302344 0.214815 0.034896 0.088889
1 0.298958 0.144444 0.038542 0.051852
0 0.072656 0.401852 0.144271 0.427778
1 0.164844 0.371296 0.042188 0.062963
1 0.222135 0.369907 0.046354 0.075000
1 0.788542 0.408333 0.038542 0.087037
0 0.559375 0.475000 0.247917 0.514815
1 0.301042 0.334259 0.041667 0.079630
1 0.325000 0.415741 0.052083 0.064815
1 0.209635 0.526852 0.045312 0.072222
0 0.939844 0.448611 0.120313 0.895370
1 0.367188 0.627315 0.034375 0.058333
1 0.404948 0.686574 0.056771 0.075000
1 0.795833 0.793519 0.052083 0.105556
0 0.056250 0.830556 0.111458 0.338889
0 0.255469 0.821759 0.119271 0.252778
1 0.302604 0.925000 0.043750 0.064815
1 0.335677 0.937037 0.042188 0.070370
0 0.535937 0.871296 0.208333 0.257407
