0 0.482292 0.105556 0.166667 0.209259
1 0.737240 0.188426 0.039062 0.067593
1 0.247396 0.201389 0.050000 0.073148
1 0.720313 0.225000 0.054167 0.068519
1 0.302865 0.201852 0.034896 0.088889
1 0.300000 0.135185 0.038542 0.051852
0 0.072396 0.366667 0.143750 0.427778
1 0.163802 0.354630 0.042188 0.062963
1 0.221094 0.356944 0.046354 0.075000
1 0.786979 0.388889 0.038542 0.087037
0 0.555208 0.455556 0.247917 0.514815
1 0.300000 0.313889 0.041667 0.079630
1 0.320833 0.405556 0.052083 0.064815
1 0.210156 0.512037 0.045312 0.072222
0 0.934375 0.435648 0.131250 0.869444
1 0.365625 0.608796 0.034375 0.058333
1 0.402865 0.670833 0.056771 0.075000
1 0.794792 0.777778 0.052083 0.105556
0 0.055990 0.815741 0.110937 0.338889
0 0.251823 0.795833 0.119271 0.252778
1 0.301042 0.883333 0.043750 0.064815
1 0.330990 0.895370 0.042188 0.070370
0 0.535156 0.858796 0.202604 0.282407
1 0.756510 0.961574 0.053646 0.069444
