0 0.476302 0.098148 0.168229 0.194444
1 0.734115 0.173611 0.039062 0.067593
1 0.242708 0.193056 0.050000 0.073148
1 0.716146 0.209259 0.054167 0.068519
1 0.300781 0.182407 0.034896 0.088889
1 0.300521 0.119444 0.038542 0.051852
0 0.072135 0.374074 0.143229 0.427778
1 0.160677 0.339815 0.042188 0.062963
1 0.218490 0.340278 0.046354 0.075000
1 0.782292 0.373148 0.038542 0.087037
0 0.554948 0.450926 0.242188 0.529630
1 0.299479 0.303704 0.041667 0.079630
1 0.318229 0.389815 0.052083 0.064815
1 0.208073 0.494444 0.045312 0.072222
0 0.933594 0.430556 0.132812 0.859259
1 0.365625 0.593981 0.034375 0.058333
1 0.401823 0.654167 0.056771 0.075000
1 0.791146 0.753704 0.052083 0.105556
0 0.055469 0.801852 0.109896 0.353704
0 0.254427 0.783796 0.119271 0.252778
1 0.299479 0.862963 0.043750 0.064815
1 0.328906 0.878704 0.042188 0.070370
0 0.537760 0.853704 0.207813 0.292593
1 0.750260 0.943981 0.053646 0.069444
