0 0.451042 0.463426 0.294792 0.810185
1 0.794531 0.744907 0.047396 0.073148
1 0.714323 0.283333 0.047396 0.066667
1 0.638021 0.367593 0.032292 0.092593
1 0.280729 0.919444 0.042708 0.088889
1 0.677604 0.423611 0.029167 0.067593
1 0.851302 0.244444 0.026562 0.061111
1 0.626302 0.510185 0.051562 0.088889
1 0.647135 0.481019 0.035937 0.080556
1 0.682552 0.657870 0.032813 0.095370
1 0.848437 0.140278 0.036458 0.058333
1 0.333073 0.830556 0.043229 0.109259
1 0.249219 0.046759 0.033854 0.050926
1 0.201823 0.748148 0.035937 0.072222
1 0.057813 0.912963 0.028125 0.051852
1 0.087760 0.272222 0.034896 0.048148
1 0.379427 0.253704 0.034896 0.050000
1 0.427083 0.113889 0.040625 0.048148
