0 0.483594 0.480093 0.228646 0.369444
1 0.222135 0.553241 0.025521 0.060185
1 0.678385 0.118519 0.033854 0.088889
1 0.659635 0.476389 0.032813 0.067593
1 0.958073 0.624074 0.043229 0.068519
1 0.978125 0.313889 0.028125 0.053704
1 0.296094 0.523148 0.014063 0.029630
1 0.095833 0.332407 0.011458 0.035185
1 0.896615 0.762037 0.017188 0.022222
1 0.742708 0.929630 0.037500 0.022222
1 0.698438 0.893056 0.042708 0.063889
1 0.845833 0.654167 0.028125 0.052778
1 0.458073 0.682870 0.021354 0.025000
1 0.123438 0.477315 0.015625 0.025000
1 0.148438 0.675926 0.034375 0.038889
1 0.083594 0.126852 0.016146 0.022222
