0 0.478125 0.089352 0.164583 0.176852
1 0.731510 0.169907 0.039062 0.067593
1 0.240625 0.180093 0.050000 0.073148
1 0.713021 0.199074 0.054167 0.068519
1 0.297135 0.173148 0.034896 0.088889
1 0.300000 0.107407 0.038542 0.051852
1 0.218490 0.334722 0.046354 0.075000
1 0.780208 0.360185 0.038542 0.087037
0 0.549740 0.436111 0.242188 0.529630
1 0.293750 0.288889 0.041667 0.079630
1 0.318229 0.389815 0.052083 0.064815
1 0.208594 0.484259 0.045312 0.072222
0 0.932292 0.422685 0.135417 0.843519
1 0.365625 0.581019 0.034375 0.058333
1 0.399740 0.642130 0.056771 0.075000
1 0.790625 0.748148 0.052083 0.105556
0 0.054688 0.802315 0.108333 0.395370
0 0.250781 0.767130 0.119271 0.252778
1 0.297396 0.855556 0.043750 0.064815
1 0.326302 0.866667 0.042188 0.070370
0 0.534635 0.853704 0.207813 0.292593
1 0.750781 0.926389 0.053646 0.069444
0 0.124479 0.353241 0.130208 0.239815
0 0.036198 0.259259 0.071354 0.203704
0 0.029167 0.452315 0.057292 0.208333
1 0.160417 0.324537 0.040625 0.063889
1 0.823698 0.931481 0.031771 0.035185
1 0.839583 0.976852 0.044792 0.046296
