0 0.473958 0.088889 0.164583 0.175926
1 0.727865 0.157870 0.039062 0.067593
1 0.240625 0.171759 0.050000 0.073148
1 0.708333 0.192593 0.054167 0.068519
1 0.295573 0.168519 0.034896 0.088889
1 0.296875 0.100926 0.038542 0.051852
1 0.219531 0.326389 0.046354 0.075000
1 0.777604 0.351852 0.038542 0.087037
0 0.545052 0.428704 0.242188 0.529630
1 0.292187 0.283333 0.041667 0.079630
1 0.318229 0.389815 0.052083 0.064815
1 0.205469 0.477778 0.045312 0.072222
0 0.929427 0.413426 0.141146 0.825000
1 0.360938 0.574537 0.034375 0.058333
1 0.397656 0.629167 0.056771 0.075000
1 0.785417 0.741667 0.052083 0.105556
0 0.054688 0.802315 0.108333 0.395370
0 0.248698 0.757870 0.119271 0.252778
1 0.294792 0.843519 0.043750 0.064815
1 0.325781 0.857407 0.042188 0.070370
0 0.529948 0.848611 0.211979 0.302778
1 0.749219 0.926389 0.053646 0.069444
0 0.125000 0.342130 0.130208 0.239815
0 0.035937 0.251852 0.070833 0.203704
0 0.028906 0.438426 0.056771 0.208333
1 0.158333 0.321759 0.040625 0.063889
1 0.822656 0.927778 0.031771 0.035185
1 0.836458 0.969444 0.043750 0.061111
