0 0.467969 0.079630 0.164062 0.157407
1 0.726302 0.149537 0.039062 0.067593
1 0.238021 0.160648 0.050000 0.073148
1 0.705208 0.184259 0.054167 0.068519
1 0.292969 0.152778 0.034896 0.088889
1 0.291667 0.090741 0.038542 0.051852
1 0.214844 0.309722 0.046354 0.075000
1 0.777604 0.351852 0.038542 0.087037
0 0.545573 0.423148 0.242188 0.529630
1 0.290104 0.265741 0.041667 0.079630
1 0.310937 0.359259 0.052083 0.064815
1 0.198177 0.463889 0.045312 0.072222
0 0.929427 0.413426 0.141146 0.825000
1 0.357292 0.563426 0.034375 0.058333
1 0.395573 0.621759 0.056771 0.075000
1 0.782292 0.727778 0.052083 0.105556
0 0.054427 0.781019 0.107813 0.395370
0 0.245573 0.755093 0.119271 0.252778
1 0.292708 0.834259 0.043750 0.064815
1 0.322656 0.844444 0.042188 0.070370
0 0.523438 0.841667 0.213542 0.316667
1 0.746615 0.916204 0.053646 0.069444
0 0.119271 0.334722 0.130208 0.239815
0 0.048177 0.243056 0.095312 0.204630
0 0.028646 0.432870 0.056250 0.208333
1 0.156250 0.311574 0.040625 0.063889
1 0.820052 0.915741 0.031771 0.035185
1 0.836979 0.962500 0.044792 0.075000
1 0.691146 0.913426 0.023958 0.047222
