0 0.463542 0.070833 0.166667 0.139815
1 0.725260 0.138426 0.039062 0.067593
1 0.235937 0.147685 0.050000 0.073148
1 0.704167 0.169444 0.054167 0.068519
1 0.292448 0.137963 0.034896 0.088889
1 0.288021 0.076852 0.038542 0.051852
1 0.213281 0.301389 0.046354 0.075000
1 0.773958 0.332407 0.038542 0.087037
0 0.539844 0.402778 0.242188 0.529630
1 0.289062 0.261111 0.041667 0.079630
1 0.310937 0.346296 0.052083 0.064815
1 0.196094 0.450000 0.045312 0.072222
0 0.927865 0.402778 0.144271 0.803704
1 0.353125 0.553241 0.034375 0.058333
1 0.392448 0.608796 0.056771 0.075000
1 0.782292 0.716667 0.052083 0.105556
0 0.054167 0.780093 0.107292 0.395370
0 0.241927 0.737500 0.119271 0.252778
1 0.288021 0.825000 0.043750 0.064815
1 0.318490 0.835185 0.042188 0.070370
0 0.513021 0.837963 0.226042 0.324074
1 0.744010 0.899537 0.053646 0.069444
0 0.115885 0.320833 0.133854 0.243519
0 0.047917 0.232870 0.094792 0.204630
0 0.028385 0.421759 0.055729 0.208333
1 0.153125 0.296759 0.040625 0.063889
1 0.819010 0.906481 0.031771 0.035185
1 0.834375 0.949537 0.044792 0.075000
1 0.689063 0.903241 0.023958 0.047222
1 0.175781 0.972685 0.042188 0.054630
