0 0.463021 0.070370 0.166667 0.138889
1 0.723177 0.129167 0.039062 0.067593
1 0.231771 0.132870 0.050000 0.073148
1 0.702604 0.161111 0.054167 0.068519
1 0.288281 0.128704 0.034896 0.088889
1 0.288021 0.069444 0.038542 0.051852
1 0.208594 0.289352 0.046354 0.075000
1 0.768750 0.323148 0.038542 0.087037
0 0.537240 0.393519 0.242188 0.529630
1 0.285938 0.250926 0.041667 0.079630
1 0.306771 0.336111 0.052083 0.064815
1 0.195052 0.444444 0.045312 0.072222
0 0.927865 0.402778 0.144271 0.803704
1 0.349479 0.540278 0.034375 0.058333
1 0.387760 0.594907 0.056771 0.075000
1 0.777604 0.702778 0.052083 0.105556
0 0.053906 0.755093 0.106771 0.395370
0 0.241927 0.737500 0.119271 0.252778
1 0.287500 0.812037 0.043750 0.064815
1 0.316406 0.823148 0.042188 0.070370
0 0.515365 0.830556 0.226562 0.338889
1 0.740365 0.890278 0.053646 0.069444
0 0.114323 0.307870 0.133854 0.243519
0 0.046615 0.217130 0.092188 0.197222
1 0.148698 0.286574 0.042188 0.071296
1 0.816406 0.894444 0.031771 0.035185
1 0.830208 0.942130 0.044792 0.075000
1 0.688021 0.892130 0.023958 0.047222
1 0.178385 0.966204 0.047396 0.067593
