0 0.459635 0.060648 0.173437 0.119444
1 0.721615 0.114352 0.039062 0.067593
1 0.224479 0.125463 0.050000 0.073148
1 0.695833 0.145370 0.054167 0.068519
1 0.280469 0.117593 0.034896 0.088889
1 0.278646 0.050926 0.038542 0.051852
1 0.201823 0.272685 0.046354 0.075000
1 0.767188 0.310185 0.038542 0.087037
0 0.530990 0.379630 0.242188 0.529630
1 0.278646 0.230093 0.041667 0.080556
1 0.300521 0.326852 0.052083 0.064815
1 0.187760 0.429630 0.045312 0.072222
0 0.923177 0.396759 0.153646 0.791667
1 0.349479 0.540278 0.034375 0.058333
1 0.387760 0.594907 0.056771 0.075000
1 0.775000 0.692593 0.052083 0.105556
0 0.053646 0.749537 0.106250 0.395370
0 0.232552 0.720833 0.119271 0.252778
1 0.280729 0.800000 0.043750 0.064815
1 0.311719 0.808333 0.042188 0.070370
0 0.504427 0.825000 0.234896 0.350000
1 0.735156 0.887500 0.053646 0.069444
0 0.103906 0.294907 0.133854 0.243519
0 0.046354 0.206019 0.091667 0.197222
1 0.141406 0.270833 0.042188 0.071296
1 0.814323 0.883333 0.031771 0.035185
1 0.826562 0.932870 0.044792 0.075000
1 0.684896 0.887500 0.023958 0.047222
1 0.170313 0.958333 0.047917 0.083333
