1 0.715885 0.105093 0.039062 0.067593
1 0.218750 0.114352 0.050000 0.073148
1 0.695833 0.140741 0.054167 0.068519
1 0.274219 0.107407 0.034896 0.088889
1 0.273438 0.042593 0.038542 0.051852
1 0.196094 0.269907 0.046354 0.075000
1 0.764062 0.300000 0.038542 0.087037
0 0.530990 0.369444 0.242188 0.529630
1 0.273438 0.219907 0.041667 0.080556
1 0.294271 0.317593 0.052083 0.064815
1 0.183594 0.425926 0.045312 0.072222
0 0.920573 0.395370 0.158854 0.788889
1 0.339583 0.519907 0.034375 0.058333
1 0.375781 0.579167 0.056771 0.075000
1 0.771354 0.695370 0.052083 0.105556
0 0.053385 0.753241 0.105729 0.395370
0 0.225260 0.714352 0.119271 0.252778
1 0.275000 0.795370 0.043750 0.064815
1 0.303906 0.807407 0.042188 0.070370
0 0.502604 0.820833 0.237500 0.358333
1 0.732552 0.872685 0.053646 0.069444
0 0.099740 0.282870 0.133854 0.243519
0 0.039583 0.198611 0.078125 0.200926
1 0.138802 0.265278 0.042188 0.071296
1 0.810677 0.880556 0.031771 0.035185
1 0.825521 0.930093 0.044792 0.075000
1 0.681771 0.881019 0.023958 0.047222
1 0.161979 0.955093 0.045833 0.089815
1 0.701823 0.975000 0.039062 0.050000
