1 0.709115 0.105093 0.039062 0.067593
1 0.217188 0.120833 0.050000 0.073148
1 0.691146 0.142593 0.054167 0.068519
1 0.273698 0.107407 0.034896 0.088889
1 0.273438 0.047222 0.038542 0.051852
1 0.195052 0.271759 0.046354 0.075000
1 0.760938 0.300000 0.038542 0.087037
0 0.527865 0.369444 0.242188 0.529630
1 0.273438 0.223611 0.041667 0.080556
1 0.294271 0.319444 0.052083 0.064815
1 0.181510 0.425926 0.045312 0.072222
0 0.920312 0.404630 0.159375 0.807407
1 0.339583 0.519907 0.034375 0.058333
1 0.375781 0.579167 0.056771 0.075000
1 0.766667 0.690741 0.052083 0.105556
0 0.049219 0.776389 0.097396 0.447222
0 0.225260 0.714352 0.119271 0.252778
1 0.272917 0.795370 0.043750 0.064815
1 0.302344 0.810185 0.042188 0.070370
0 0.501042 0.820833 0.237500 0.358333
1 0.728385 0.877315 0.053646 0.069444
0 0.099740 0.285648 0.133854 0.243519
1 0.135156 0.268056 0.042188 0.071296
1 0.805990 0.881481 0.031771 0.035185
1 0.820312 0.930093 0.044792 0.075000
1 0.679167 0.881019 0.023958 0.047222
1 0.160938 0.955093 0.045833 0.089815
1 0.699740 0.975000 0.039062 0.050000
