1 0.708073 0.098611 0.039062 0.067593
1 0.210938 0.116204 0.050000 0.073148
1 0.687500 0.136111 0.054167 0.068519
1 0.266927 0.107407 0.034896 0.088889
1 0.268750 0.044444 0.038542 0.051852
1 0.186198 0.268056 0.046354 0.075000
1 0.753646 0.296296 0.038542 0.087037
0 0.520052 0.365741 0.242188 0.529630
1 0.265625 0.222685 0.041667 0.080556
1 0.289583 0.312963 0.052083 0.064815
1 0.181510 0.425926 0.045312 0.072222
0 0.920312 0.404630 0.159375 0.807407
1 0.330729 0.518981 0.034375 0.058333
1 0.365885 0.574537 0.056771 0.075000
1 0.761979 0.691667 0.052083 0.105556
0 0.037760 0.748611 0.074479 0.502778
0 0.216927 0.704167 0.119271 0.252778
1 0.266146 0.793519 0.043750 0.064815
1 0.300260 0.801852 0.042188 0.070370
0 0.507292 0.820833 0.237500 0.358333
1 0.721094 0.872685 0.053646 0.069444
0 0.089844 0.283796 0.133854 0.243519
1 0.127865 0.268056 0.042188 0.071296
1 0.799219 0.880556 0.031771 0.035185
1 0.811979 0.926389 0.044792 0.075000
1 0.673438 0.878241 0.023958 0.047222
1 0.150521 0.955093 0.045833 0.089815
1 0.691927 0.975000 0.039062 0.050000
