1 0.700781 0.088426 0.039062 0.067593
1 0.203125 0.099537 0.050000 0.073148
1 0.682292 0.125000 0.053125 0.072222
1 0.259635 0.094444 0.034896 0.088889
1 0.261458 0.034259 0.038542 0.051852
1 0.182031 0.260648 0.046354 0.075000
1 0.753646 0.296296 0.038542 0.087037
0 0.514844 0.353704 0.242188 0.529630
1 0.256771 0.205093 0.041667 0.080556
1 0.279687 0.297222 0.052083 0.064815
1 0.168490 0.409259 0.045312 0.072222
0 0.912760 0.397222 0.174479 0.792593
1 0.324479 0.502315 0.034375 0.058333
1 0.358073 0.557870 0.056771 0.075000
1 0.757292 0.675000 0.052083 0.105556
0 0.033073 0.741204 0.065104 0.517593
0 0.216927 0.704167 0.119271 0.252778
1 0.254167 0.778704 0.043750 0.064815
1 0.291927 0.788889 0.042188 0.070370
0 0.489844 0.812963 0.240104 0.374074
1 0.719531 0.861574 0.053646 0.069444
0 0.084635 0.264352 0.133854 0.243519
1 0.119531 0.254167 0.042188 0.071296
1 0.795052 0.865741 0.031771 0.035185
1 0.808854 0.912500 0.044792 0.075000
1 0.664583 0.866204 0.023958 0.047222
1 0.150521 0.955093 0.045833 0.089815
1 0.685677 0.957407 0.039062 0.050000
