1 0.702344 0.082870 0.039062 0.067593
1 0.203125 0.084722 0.050000 0.073148
1 0.675000 0.113889 0.053125 0.072222
1 0.254948 0.075926 0.034896 0.088889
1 0.256250 0.016204 0.038542 0.030556
1 0.175260 0.237037 0.046354 0.075926
1 0.744792 0.270370 0.038542 0.087037
0 0.511198 0.329630 0.242188 0.529630
1 0.254167 0.192130 0.041667 0.080556
1 0.279687 0.283333 0.052083 0.064815
1 0.163281 0.389815 0.045312 0.072222
0 0.913802 0.385648 0.172396 0.769444
1 0.319792 0.486574 0.034375 0.058333
1 0.355469 0.545833 0.056771 0.075000
1 0.752083 0.658333 0.052083 0.105556
0 0.042448 0.740741 0.083854 0.518519
0 0.202865 0.666204 0.119271 0.252778
1 0.251042 0.755556 0.043750 0.064815
1 0.286198 0.770370 0.042188 0.070370
0 0.486198 0.806019 0.241146 0.387963
1 0.714323 0.844907 0.053646 0.069444
0 0.079948 0.245833 0.133854 0.243519
1 0.116927 0.234259 0.042188 0.072222
1 0.787760 0.848148 0.031771 0.035185
1 0.802604 0.895833 0.044792 0.075000
1 0.659896 0.847685 0.023958 0.047222
1 0.150521 0.955093 0.045833 0.089815
1 0.686198 0.937963 0.039062 0.050000
