1 0.693490 0.061574 0.039062 0.067593
1 0.194792 0.068981 0.050000 0.073148
1 0.673958 0.099074 0.053125 0.072222
1 0.249219 0.056481 0.034896 0.088889
1 0.171094 0.230556 0.046354 0.075926
1 0.736979 0.254630 0.038542 0.087037
0 0.507812 0.312037 0.242708 0.529630
1 0.248438 0.178241 0.035417 0.084259
1 0.273438 0.262963 0.052083 0.064815
1 0.159115 0.372222 0.045312 0.072222
0 0.909896 0.378241 0.180208 0.754630
1 0.316667 0.475463 0.034375 0.058333
1 0.350781 0.523611 0.056771 0.075000
1 0.747396 0.644444 0.052083 0.105556
0 0.041146 0.728241 0.081250 0.543519
0 0.198698 0.653241 0.119271 0.252778
1 0.246875 0.741667 0.043750 0.064815
1 0.279948 0.756481 0.042188 0.070370
0 0.475781 0.798148 0.234896 0.403704
1 0.709115 0.830093 0.053646 0.069444
0 0.075781 0.224537 0.133854 0.243519
1 0.109635 0.217593 0.042188 0.072222
1 0.783594 0.839815 0.031771 0.035185
1 0.797396 0.879167 0.044792 0.075000
1 0.654167 0.832870 0.023958 0.047222
1 0.140104 0.906019 0.048958 0.082407
1 0.674740 0.925926 0.039062 0.050000
