1 0.687760 0.054167 0.039062 0.067593
1 0.191146 0.051389 0.050000 0.073148
1 0.666667 0.086111 0.053125 0.072222
1 0.249219 0.044907 0.034896 0.087963
1 0.170052 0.212037 0.046354 0.075926
1 0.733333 0.237963 0.038542 0.087037
0 0.504167 0.307407 0.242708 0.529630
1 0.245833 0.159722 0.035417 0.084259
1 0.273438 0.262963 0.052083 0.064815
1 0.157552 0.356481 0.045312 0.072222
0 0.909896 0.378241 0.180208 0.754630
1 0.313542 0.453241 0.034375 0.058333
1 0.346615 0.507870 0.056771 0.075000
1 0.742708 0.627778 0.052083 0.105556
0 0.038802 0.714815 0.076563 0.570370
0 0.196615 0.634722 0.119271 0.252778
1 0.246354 0.724074 0.043750 0.064815
1 0.274219 0.732407 0.042188 0.070370
0 0.474740 0.787500 0.240104 0.425000
1 0.702344 0.815278 0.053646 0.069444
0 0.076302 0.210648 0.133854 0.243519
1 0.109115 0.198148 0.042188 0.072222
1 0.779427 0.823148 0.031771 0.035185
1 0.790625 0.868981 0.044792 0.075000
1 0.648958 0.820833 0.023958 0.047222
1 0.136458 0.878241 0.048958 0.082407
1 0.669531 0.912963 0.039062 0.050000
1 0.384375 0.916667 0.043750 0.053704
1 0.357031 0.963889 0.055729 0.072222
