1 0.685156 0.046759 0.039062 0.067593
1 0.189062 0.047685 0.050000 0.073148
1 0.665625 0.083333 0.053125 0.072222
1 0.244010 0.044444 0.034896 0.087037
1 0.165885 0.198148 0.046354 0.075926
1 0.730208 0.240741 0.038542 0.087037
0 0.496354 0.300926 0.242708 0.529630
1 0.241146 0.152315 0.035417 0.084259
1 0.265625 0.245370 0.052083 0.064815
1 0.149740 0.350926 0.045312 0.072222
0 0.905729 0.370833 0.188542 0.739815
1 0.304688 0.443981 0.034375 0.058333
1 0.344531 0.501389 0.056771 0.075000
1 0.742708 0.627778 0.052083 0.105556
0 0.036198 0.711111 0.071354 0.577778
0 0.194531 0.635648 0.119271 0.252778
1 0.237500 0.715741 0.043750 0.064815
1 0.271094 0.730556 0.042188 0.070370
0 0.477344 0.787500 0.240104 0.425000
1 0.697135 0.811574 0.053646 0.069444
0 0.067187 0.204167 0.133333 0.243519
1 0.108073 0.198148 0.042188 0.072222
1 0.776302 0.816667 0.031771 0.035185
1 0.788021 0.862500 0.044792 0.075000
1 0.646354 0.815278 0.023958 0.047222
1 0.129167 0.880093 0.048958 0.082407
1 0.663021 0.907870 0.038542 0.060185
1 0.378646 0.912963 0.043750 0.053704
1 0.354427 0.963889 0.055729 0.072222
