1 0.685156 0.046759 0.039062 0.067593
1 0.189062 0.045833 0.050000 0.073148
1 0.665625 0.083333 0.053125 0.072222
1 0.247135 0.043981 0.034896 0.086111
1 0.168490 0.195370 0.046354 0.075926
1 0.730208 0.240741 0.038542 0.087037
0 0.499479 0.300926 0.242708 0.529630
1 0.242708 0.151389 0.035417 0.084259
1 0.269792 0.238889 0.052083 0.064815
1 0.152344 0.346296 0.045312 0.072222
0 0.903125 0.370833 0.193750 0.739815
1 0.307812 0.439352 0.034375 0.058333
1 0.345052 0.494907 0.056771 0.075000
1 0.733333 0.624074 0.052083 0.105556
0 0.036198 0.711111 0.071354 0.577778
0 0.191927 0.623611 0.119271 0.252778
1 0.236979 0.705556 0.043750 0.064815
1 0.270573 0.715741 0.042188 0.070370
0 0.470052 0.768981 0.240104 0.425000
1 0.697135 0.807870 0.053646 0.069444
0 0.069531 0.196759 0.133854 0.243519
1 0.108073 0.188889 0.042188 0.072222
1 0.774219 0.809259 0.031771 0.035185
1 0.784375 0.859722 0.044792 0.075000
1 0.647396 0.809722 0.023958 0.047222
1 0.129167 0.865278 0.048958 0.082407
1 0.664062 0.901389 0.038542 0.060185
1 0.377083 0.905556 0.043750 0.053704
1 0.351042 0.959722 0.054167 0.080556
