1 0.685677 0.043056 0.039062 0.067593
1 0.195833 0.032407 0.044792 0.062963
1 0.668229 0.075000 0.053125 0.072222
1 0.250521 0.028241 0.037500 0.054630
1 0.171615 0.179630 0.046354 0.075926
1 0.731250 0.228241 0.038542 0.087963
0 0.497917 0.287037 0.242708 0.529630
1 0.246354 0.133796 0.035417 0.084259
1 0.269792 0.221759 0.052083 0.065741
1 0.159635 0.327778 0.045312 0.072222
0 0.905990 0.357407 0.188021 0.712963
1 0.310417 0.422685 0.034375 0.058333
1 0.346615 0.474537 0.056771 0.075000
1 0.735938 0.606481 0.052083 0.105556
0 0.037760 0.697685 0.074479 0.602778
0 0.195052 0.604167 0.119271 0.252778
1 0.241667 0.685185 0.043750 0.064815
1 0.271615 0.693519 0.042188 0.070370
0 0.468490 0.747685 0.240104 0.425000
1 0.695573 0.788426 0.053646 0.069444
0 0.076823 0.176389 0.133854 0.243519
1 0.114844 0.172222 0.042188 0.072222
1 0.773177 0.798148 0.031771 0.035185
1 0.786458 0.843981 0.044792 0.075000
1 0.646875 0.789352 0.023958 0.047222
1 0.132292 0.848611 0.048958 0.082407
1 0.665625 0.883796 0.038542 0.060185
1 0.376563 0.888889 0.043750 0.053704
1 0.354687 0.931944 0.054167 0.080556
