1 0.685677 0.034259 0.039062 0.066667
1 0.667188 0.061111 0.053125 0.072222
1 0.172656 0.163889 0.046354 0.075926
1 0.730729 0.217130 0.038542 0.087963
0 0.498437 0.267593 0.242708 0.529630
1 0.248958 0.117130 0.035417 0.084259
1 0.272396 0.198611 0.052083 0.065741
1 0.161719 0.306481 0.045312 0.072222
0 0.905990 0.357407 0.188021 0.712963
1 0.311979 0.404167 0.034375 0.058333
1 0.346615 0.455093 0.056771 0.075000
1 0.735938 0.606481 0.052083 0.105556
0 0.037500 0.678241 0.073958 0.602778
0 0.201302 0.577315 0.119271 0.252778
1 0.241667 0.664815 0.043750 0.064815
1 0.272656 0.676852 0.042188 0.070370
0 0.471094 0.723611 0.240104 0.425000
1 0.694531 0.771759 0.053646 0.069444
0 0.083594 0.160648 0.133854 0.243519
1 0.119010 0.154630 0.042188 0.072222
1 0.771094 0.786111 0.031771 0.035185
1 0.784375 0.831019 0.044792 0.075000
1 0.645312 0.777315 0.023958 0.047222
1 0.132292 0.818056 0.048958 0.082407
1 0.660937 0.865278 0.038542 0.060185
1 0.377083 0.863889 0.043750 0.053704
1 0.359375 0.923611 0.054167 0.080556
