1 0.663542 0.050926 0.053125 0.072222
1 0.172656 0.150926 0.046354 0.075926
1 0.728646 0.207870 0.038542 0.087963
0 0.498437 0.258796 0.237500 0.515741
1 0.251042 0.099537 0.035417 0.084259
1 0.275000 0.185648 0.052083 0.065741
1 0.162240 0.287037 0.045312 0.072222
0 0.905990 0.357407 0.188021 0.712963
1 0.309896 0.386574 0.034375 0.058333
1 0.344531 0.435648 0.056771 0.075000
1 0.731250 0.577778 0.052083 0.105556
0 0.037240 0.656019 0.073438 0.602778
0 0.198698 0.555093 0.119271 0.252778
1 0.240104 0.643519 0.043750 0.064815
1 0.271094 0.654630 0.042188 0.070370
0 0.471094 0.714352 0.240104 0.425000
1 0.690885 0.754167 0.053646 0.069444
0 0.084115 0.136574 0.133854 0.243519
1 0.121094 0.140741 0.042188 0.072222
1 0.769010 0.775000 0.031771 0.035185
1 0.778125 0.819907 0.044792 0.075000
1 0.638542 0.763426 0.023958 0.047222
1 0.132292 0.794907 0.048958 0.082407
1 0.657813 0.849537 0.038542 0.060185
1 0.374740 0.844907 0.045312 0.060185
1 0.351042 0.896759 0.055208 0.087963
