1 0.662500 0.042593 0.053125 0.072222
1 0.171615 0.122222 0.046354 0.075926
1 0.724479 0.194907 0.038542 0.087963
0 0.498437 0.258796 0.237500 0.515741
1 0.252083 0.077315 0.035417 0.084259
1 0.275000 0.185648 0.052083 0.065741
1 0.163281 0.262963 0.045312 0.072222
0 0.899479 0.339352 0.201042 0.676852
1 0.308333 0.367130 0.034375 0.058333
1 0.344010 0.415278 0.056771 0.075000
1 0.731250 0.577778 0.052083 0.105556
0 0.036979 0.630093 0.072917 0.602778
0 0.197135 0.533796 0.119271 0.252778
1 0.237500 0.616667 0.043750 0.064815
1 0.268490 0.628704 0.042188 0.070370
0 0.473698 0.693981 0.240104 0.425000
1 0.685156 0.739352 0.053646 0.069444
0 0.083073 0.112500 0.136979 0.223148
1 0.121615 0.116667 0.042188 0.072222
1 0.762240 0.755556 0.031771 0.035185
1 0.773438 0.802315 0.044792 0.075000
1 0.631250 0.739352 0.023958 0.047222
1 0.128125 0.769907 0.048958 0.082407
1 0.651042 0.828241 0.038542 0.060185
1 0.371615 0.823611 0.045312 0.060185
1 0.344271 0.871759 0.055208 0.087963
0 0.614323 0.845833 0.123438 0.297222
