1 0.663542 0.036574 0.053125 0.071296
1 0.175260 0.105556 0.046354 0.075926
1 0.723437 0.178241 0.038542 0.087963
0 0.495833 0.242593 0.232292 0.483333
1 0.251563 0.056944 0.035417 0.084259
1 0.275000 0.139352 0.052083 0.065741
1 0.163281 0.262963 0.045312 0.072222
0 0.899479 0.339352 0.201042 0.676852
1 0.308333 0.336574 0.034375 0.058333
1 0.340365 0.391204 0.056771 0.075000
1 0.722396 0.549074 0.052083 0.105556
0 0.036719 0.595833 0.072396 0.602778
0 0.192969 0.506019 0.119271 0.252778
1 0.236458 0.589815 0.043750 0.064815
1 0.270573 0.600000 0.042188 0.070370
0 0.464844 0.664352 0.240104 0.425000
0 0.086198 0.098611 0.139063 0.195370
1 0.123177 0.093519 0.042188 0.072222
1 0.757552 0.735185 0.031771 0.035185
1 0.771354 0.784722 0.044792 0.075000
1 0.128646 0.741204 0.048958 0.082407
1 0.369010 0.793981 0.045312 0.060185
1 0.341667 0.854167 0.055208 0.087963
0 0.609115 0.828241 0.123438 0.297222
1 0.650000 0.810648 0.037500 0.058333
1 0.629167 0.721296 0.020833 0.040741
1 0.683333 0.720370 0.044792 0.072222
