0 0.486458 0.557407 0.223958 0.364815
1 0.090365 0.391204 0.014063 0.047222
1 0.219531 0.617130 0.025521 0.075000
1 0.079167 0.185648 0.016667 0.032407
1 0.680990 0.179630 0.027604 0.081481
1 0.119792 0.537963 0.015625 0.027778
1 0.292969 0.583333 0.014063 0.033333
1 0.144271 0.742130 0.034375 0.041667
1 0.241667 0.706481 0.015625 0.051852
1 0.458333 0.744907 0.020833 0.030556
1 0.702344 0.962963 0.045312 0.061111
1 0.538542 0.862037 0.018750 0.040741
1 0.961979 0.685185 0.045833 0.068519
1 0.659115 0.537500 0.032813 0.062037
1 0.897656 0.825000 0.016146 0.020370
1 0.935937 0.904630 0.021875 0.035185
1 0.983333 0.378241 0.028125 0.050926
1 0.783333 0.410648 0.018750 0.039815
