1 0.661198 0.026389 0.048438 0.050926
1 0.178906 0.087963 0.046354 0.075926
1 0.720313 0.170833 0.038542 0.087963
0 0.496875 0.242130 0.232292 0.482407
1 0.253646 0.042593 0.035417 0.083333
1 0.272917 0.121759 0.052083 0.065741
1 0.163281 0.224537 0.045312 0.073148
0 0.896875 0.327315 0.206250 0.652778
1 0.307292 0.326389 0.034375 0.058333
1 0.338281 0.371759 0.056771 0.075000
1 0.719792 0.532407 0.052083 0.105556
0 0.036458 0.575463 0.071875 0.602778
0 0.194010 0.479167 0.119271 0.252778
1 0.235417 0.560185 0.043750 0.064815
1 0.264844 0.575926 0.042188 0.070370
0 0.460677 0.644907 0.240104 0.425000
0 0.087760 0.085648 0.135937 0.169444
1 0.124219 0.070370 0.042188 0.072222
1 0.755469 0.723148 0.031771 0.035185
1 0.767188 0.774537 0.044792 0.075000
1 0.126562 0.715278 0.048958 0.082407
1 0.362240 0.774537 0.045312 0.060185
1 0.340104 0.816204 0.052083 0.086111
0 0.607552 0.802315 0.123438 0.297222
1 0.644271 0.791204 0.037500 0.058333
1 0.628646 0.704630 0.020833 0.040741
1 0.677083 0.700000 0.044792 0.072222
