1 0.659375 0.018981 0.044792 0.036111
1 0.179948 0.069444 0.046354 0.075926
1 0.718229 0.160648 0.038542 0.087963
0 0.497396 0.231019 0.228125 0.460185
1 0.256250 0.042130 0.035417 0.082407
1 0.275000 0.111574 0.052083 0.065741
1 0.165885 0.203241 0.045312 0.073148
0 0.893229 0.322685 0.213542 0.643519
1 0.307292 0.306944 0.034375 0.058333
1 0.338802 0.356944 0.056771 0.075000
1 0.715104 0.521296 0.052083 0.105556
0 0.192448 0.459722 0.119271 0.252778
1 0.234375 0.555556 0.043750 0.064815
1 0.263281 0.563889 0.042188 0.070370
0 0.457031 0.631019 0.240104 0.425000
0 0.090104 0.081944 0.131250 0.162037
1 0.127865 0.059259 0.042188 0.072222
1 0.749219 0.716667 0.031771 0.035185
1 0.759896 0.761574 0.044792 0.075000
1 0.127604 0.696759 0.048958 0.082407
1 0.359115 0.764352 0.045312 0.060185
1 0.337500 0.815278 0.052083 0.086111
0 0.600781 0.798611 0.123438 0.297222
1 0.637500 0.776389 0.037500 0.058333
1 0.623958 0.695370 0.020833 0.040741
1 0.671875 0.691667 0.044792 0.072222
1 0.749740 0.978704 0.040104 0.042593
