1 0.179427 0.057407 0.046354 0.075926
1 0.714583 0.151389 0.038542 0.087963
0 0.496875 0.220833 0.225000 0.439815
1 0.275000 0.093981 0.052083 0.065741
1 0.164844 0.193056 0.045312 0.073148
0 0.893229 0.322685 0.213542 0.643519
1 0.308333 0.295833 0.034375 0.058333
1 0.337760 0.338426 0.056771 0.075000
1 0.714583 0.510185 0.052083 0.105556
0 0.190365 0.434722 0.119271 0.252778
1 0.233333 0.533333 0.043750 0.064815
1 0.263281 0.549074 0.042188 0.070370
0 0.451302 0.603241 0.240104 0.425000
1 0.127344 0.046296 0.042188 0.072222
1 0.746615 0.700000 0.031771 0.035185
1 0.756250 0.746759 0.044792 0.075000
1 0.126042 0.667130 0.048958 0.082407
1 0.360677 0.745833 0.045312 0.060185
0 0.603385 0.776389 0.123438 0.297222
1 0.633854 0.764352 0.037500 0.058333
1 0.620313 0.682407 0.020833 0.040741
1 0.668750 0.677778 0.044792 0.072222
1 0.745313 0.974537 0.040625 0.050926
1 0.662500 0.974537 0.027083 0.050926
