1 0.183073 0.038426 0.046354 0.075000
1 0.711979 0.128241 0.038542 0.087963
0 0.496875 0.220833 0.225000 0.439815
1 0.275000 0.077315 0.052083 0.065741
1 0.163802 0.173611 0.045312 0.073148
0 0.889583 0.300926 0.220833 0.600000
1 0.309375 0.274537 0.034375 0.058333
1 0.337240 0.319907 0.056771 0.075000
1 0.710938 0.493519 0.052083 0.105556
0 0.191406 0.406944 0.119271 0.252778
1 0.233333 0.514815 0.043750 0.064815
1 0.269531 0.519444 0.042188 0.070370
0 0.451302 0.584722 0.240104 0.425000
1 0.129948 0.028704 0.040104 0.055556
1 0.741406 0.680556 0.031771 0.035185
1 0.754687 0.724537 0.044792 0.075000
1 0.125521 0.651389 0.048958 0.082407
1 0.366927 0.722685 0.045312 0.060185
0 0.602344 0.752315 0.123438 0.297222
1 0.634375 0.739352 0.037500 0.058333
1 0.618750 0.660185 0.020833 0.040741
1 0.668229 0.656481 0.044792 0.072222
1 0.742708 0.956019 0.039583 0.063889
0 0.554688 0.892130 0.192708 0.215741
