1 0.713021 0.109722 0.038542 0.087963
0 0.490885 0.200463 0.217188 0.399074
1 0.275000 0.048611 0.052083 0.065741
1 0.164323 0.141204 0.045312 0.073148
0 0.891146 0.290278 0.217708 0.578704
1 0.309375 0.241667 0.034375 0.059259
1 0.336198 0.289352 0.052604 0.084259
1 0.708333 0.462963 0.052083 0.105556
0 0.188802 0.387500 0.119271 0.252778
1 0.231250 0.479630 0.043750 0.064815
1 0.265365 0.490741 0.042188 0.070370
0 0.450260 0.556019 0.240104 0.425000
1 0.741406 0.649074 0.031771 0.035185
1 0.752604 0.699537 0.044792 0.075000
1 0.122396 0.623611 0.048958 0.082407
1 0.361979 0.694444 0.040625 0.059259
0 0.595573 0.734722 0.123438 0.297222
1 0.631250 0.713426 0.037500 0.058333
1 0.618750 0.628704 0.020833 0.040741
1 0.666146 0.628704 0.044792 0.072222
1 0.740104 0.931944 0.039583 0.063889
0 0.554427 0.879167 0.193229 0.241667
