1 0.713021 0.079167 0.038542 0.087963
0 0.495833 0.183796 0.213542 0.365741
1 0.164844 0.110648 0.045312 0.073148
0 0.889583 0.273611 0.220833 0.545370
1 0.307812 0.212037 0.034375 0.059259
1 0.336198 0.262500 0.052604 0.084259
1 0.708854 0.434259 0.052083 0.105556
0 0.185677 0.353241 0.119271 0.252778
1 0.230729 0.446296 0.043750 0.064815
1 0.260156 0.455556 0.042188 0.070370
0 0.449219 0.531944 0.240104 0.425000
1 0.742969 0.625000 0.031771 0.035185
1 0.753646 0.670833 0.044792 0.075000
1 0.122917 0.588426 0.048958 0.082407
1 0.365625 0.662963 0.040625 0.059259
0 0.595573 0.710648 0.123438 0.297222
1 0.630729 0.685648 0.037500 0.058333
1 0.617188 0.603704 0.020833 0.040741
1 0.668229 0.600926 0.044792 0.072222
1 0.739583 0.905093 0.039583 0.063889
0 0.546094 0.864352 0.198437 0.271296
