1 0.709375 0.057870 0.038542 0.087963
0 0.490885 0.178704 0.204687 0.355556
1 0.164844 0.091204 0.045312 0.073148
0 0.889062 0.264815 0.221875 0.527778
1 0.305729 0.186111 0.034375 0.059259
1 0.336719 0.235185 0.052604 0.085185
1 0.707292 0.412037 0.052083 0.105556
0 0.185156 0.327315 0.119271 0.252778
1 0.229167 0.421296 0.043750 0.064815
1 0.253906 0.433333 0.042188 0.070370
0 0.446615 0.505093 0.240104 0.425000
1 0.739844 0.600926 0.031771 0.035185
1 0.751563 0.650463 0.044792 0.075000
1 0.122917 0.558796 0.048958 0.082407
1 0.359896 0.638889 0.040625 0.059259
0 0.593490 0.679167 0.123438 0.297222
1 0.629687 0.662500 0.037500 0.058333
1 0.613021 0.579630 0.020833 0.040741
1 0.664062 0.574074 0.044792 0.072222
1 0.738021 0.877315 0.039583 0.063889
0 0.541146 0.849537 0.202083 0.300926
1 0.774219 0.970833 0.035937 0.058333
