1 0.709375 0.044444 0.038542 0.087037
0 0.510677 0.181481 0.181771 0.348148
1 0.165885 0.069907 0.045312 0.073148
0 0.888802 0.254167 0.222396 0.506481
1 0.304167 0.168519 0.034375 0.059259
1 0.338281 0.214352 0.052604 0.086111
1 0.705729 0.393519 0.052083 0.105556
0 0.185677 0.310648 0.119271 0.252778
1 0.232292 0.400926 0.043750 0.064815
1 0.259115 0.410185 0.042188 0.070370
0 0.444010 0.481019 0.240104 0.425000
1 0.738281 0.580556 0.031771 0.035185
1 0.748437 0.630093 0.044792 0.075000
1 0.122917 0.535648 0.048958 0.082407
1 0.361979 0.616667 0.040625 0.059259
0 0.591406 0.656019 0.123438 0.297222
1 0.630729 0.643056 0.037500 0.058333
1 0.614062 0.558333 0.020833 0.040741
1 0.664062 0.554630 0.044792 0.072222
1 0.738021 0.851389 0.039583 0.063889
0 0.535156 0.835648 0.209896 0.328704
1 0.770573 0.943056 0.035937 0.058333
1 0.085938 0.966204 0.036458 0.067593
