0 0.507552 0.174537 0.181771 0.347222
1 0.170052 0.042130 0.045312 0.073148
0 0.887240 0.242593 0.225521 0.483333
1 0.308333 0.137963 0.034375 0.059259
1 0.339323 0.184722 0.052604 0.086111
1 0.705729 0.367593 0.052083 0.105556
0 0.189844 0.274537 0.119271 0.252778
1 0.238542 0.368519 0.043750 0.064815
1 0.265365 0.382407 0.042188 0.070370
0 0.431510 0.451389 0.240104 0.425000
1 0.738281 0.551852 0.031771 0.035185
1 0.752604 0.594907 0.041667 0.062037
1 0.127604 0.510648 0.048958 0.082407
1 0.358333 0.586111 0.040625 0.059259
0 0.591927 0.631019 0.123438 0.297222
1 0.631771 0.609722 0.037500 0.058333
1 0.617188 0.525000 0.020833 0.040741
1 0.666667 0.524074 0.044792 0.072222
1 0.735417 0.823611 0.039583 0.063889
0 0.534896 0.822222 0.211458 0.355556
1 0.769531 0.914352 0.035937 0.058333
1 0.089583 0.941204 0.036458 0.067593
