0 0.513802 0.174074 0.170313 0.346296
1 0.177344 0.028704 0.043229 0.055556
0 0.890625 0.228704 0.218750 0.455556
1 0.313021 0.116667 0.034375 0.059259
1 0.344531 0.163426 0.052604 0.086111
1 0.708333 0.344444 0.052083 0.105556
0 0.195052 0.247685 0.119271 0.252778
1 0.239063 0.344444 0.043750 0.064815
1 0.267969 0.354630 0.042188 0.070370
0 0.436198 0.431944 0.240104 0.425000
1 0.740885 0.532407 0.031771 0.035185
1 0.752083 0.576389 0.041667 0.062037
1 0.133333 0.480093 0.048958 0.082407
1 0.373437 0.559259 0.040625 0.059259
0 0.596354 0.593519 0.119792 0.281481
1 0.633854 0.585648 0.037500 0.058333
1 0.616146 0.506481 0.020833 0.040741
1 0.667708 0.499074 0.044792 0.072222
1 0.738542 0.793981 0.039583 0.063889
0 0.522656 0.807407 0.253646 0.385185
1 0.773177 0.885648 0.035937 0.058333
1 0.094792 0.909722 0.036458 0.067593
1 0.821094 0.963426 0.050521 0.073148
