0 0.513281 0.144907 0.169271 0.287963
0 0.888802 0.220833 0.222396 0.439815
1 0.321875 0.097685 0.028125 0.043519
1 0.358594 0.146759 0.046354 0.080556
1 0.710938 0.331481 0.052083 0.105556
0 0.206510 0.231019 0.119271 0.252778
1 0.248177 0.325463 0.036979 0.056481
1 0.279167 0.331944 0.031250 0.060185
0 0.436979 0.401389 0.247917 0.423148
1 0.746615 0.516667 0.031771 0.035185
1 0.753646 0.557870 0.041667 0.062037
1 0.140104 0.456019 0.048958 0.082407
1 0.374479 0.535185 0.040625 0.059259
0 0.596875 0.578704 0.119792 0.281481
1 0.638021 0.566204 0.037500 0.058333
1 0.620313 0.489815 0.020833 0.040741
1 0.673438 0.482407 0.044792 0.072222
1 0.738021 0.785648 0.039583 0.063889
0 0.528385 0.807407 0.253646 0.385185
1 0.772656 0.867130 0.035937 0.058333
1 0.108854 0.874537 0.029167 0.062037
1 0.821875 0.947685 0.052083 0.084259
1 0.749219 0.972685 0.028646 0.054630
