0 0.525260 0.134259 0.156771 0.266667
0 0.893750 0.213889 0.212500 0.425926
1 0.331771 0.085648 0.028125 0.043519
1 0.364323 0.129167 0.046354 0.080556
1 0.710938 0.331481 0.052083 0.105556
0 0.215365 0.209722 0.119271 0.252778
1 0.255990 0.307870 0.036979 0.056481
1 0.283333 0.314352 0.031250 0.060185
0 0.458073 0.380556 0.203646 0.398148
1 0.747656 0.500000 0.031771 0.035185
1 0.758854 0.543056 0.041667 0.062037
1 0.155208 0.443056 0.048958 0.082407
1 0.379688 0.518519 0.040625 0.059259
0 0.603646 0.550000 0.119792 0.281481
1 0.639583 0.549537 0.037500 0.058333
1 0.626563 0.475000 0.020833 0.040741
1 0.676042 0.469444 0.044792 0.072222
1 0.742969 0.767130 0.040104 0.060185
0 0.539062 0.789815 0.250000 0.420370
1 0.776823 0.847685 0.035937 0.058333
1 0.119271 0.855093 0.029167 0.062037
1 0.821354 0.924537 0.052083 0.084259
1 0.748698 0.951389 0.028646 0.054630
0 0.053125 0.142130 0.105208 0.223148
0 0.050781 0.431944 0.100521 0.358333
0 0.917448 0.704630 0.165104 0.590741
