0 0.527865 0.133796 0.156771 0.265741
0 0.892969 0.209259 0.214062 0.416667
1 0.336458 0.074537 0.028125 0.043519
1 0.367969 0.118981 0.046354 0.080556
1 0.718229 0.311111 0.052083 0.105556
0 0.224740 0.205093 0.119271 0.252778
1 0.265365 0.294907 0.036979 0.056481
1 0.290625 0.294907 0.031250 0.060185
0 0.465885 0.366667 0.203646 0.398148
1 0.746615 0.487037 0.031771 0.035185
1 0.755729 0.526389 0.041667 0.062037
1 0.163542 0.429167 0.048958 0.082407
1 0.383854 0.502778 0.040625 0.059259
0 0.606250 0.540741 0.119792 0.281481
1 0.641667 0.533796 0.037500 0.058333
1 0.628646 0.462037 0.020833 0.040741
1 0.678125 0.458333 0.044792 0.072222
1 0.744531 0.748611 0.040104 0.060185
0 0.536979 0.779167 0.242708 0.441667
1 0.776823 0.827315 0.035937 0.058333
1 0.821354 0.910648 0.052083 0.084259
1 0.749740 0.939352 0.028646 0.054630
0 0.052865 0.123611 0.104688 0.223148
0 0.054167 0.416204 0.107292 0.369444
0 0.916927 0.698148 0.166146 0.603704
0 0.043750 0.787963 0.086458 0.281481
1 0.123438 0.838889 0.026042 0.074074
