0 0.530469 0.119444 0.153646 0.237037
0 0.895833 0.202315 0.208333 0.402778
1 0.341146 0.066204 0.028125 0.043519
1 0.371615 0.106944 0.046354 0.080556
1 0.719271 0.291667 0.052083 0.105556
0 0.231771 0.186574 0.115625 0.221296
1 0.269271 0.278241 0.037500 0.056481
1 0.292187 0.281944 0.031250 0.060185
0 0.470052 0.357407 0.203646 0.398148
1 0.750781 0.475926 0.031771 0.035185
1 0.757812 0.515278 0.041667 0.062037
1 0.166667 0.411574 0.048958 0.082407
1 0.385937 0.490741 0.040625 0.059259
0 0.607552 0.523611 0.119271 0.273148
1 0.646354 0.519444 0.029167 0.042593
1 0.627083 0.443519 0.020833 0.040741
1 0.679167 0.440741 0.044792 0.072222
1 0.744531 0.734722 0.040104 0.060185
0 0.536979 0.777778 0.241667 0.444444
1 0.774740 0.809722 0.035937 0.058333
1 0.820833 0.892130 0.052083 0.084259
1 0.750260 0.914352 0.028646 0.054630
0 0.052604 0.112037 0.104167 0.222222
0 0.055990 0.405093 0.110937 0.369444
0 0.916927 0.693519 0.166146 0.612963
0 0.045833 0.767593 0.090625 0.288889
1 0.129167 0.815741 0.026042 0.074074
1 0.169271 0.724074 0.028125 0.055556
1 0.640885 0.842593 0.032813 0.070370
