0 0.531250 0.115278 0.155208 0.228704
0 0.894792 0.193519 0.210417 0.385185
1 0.342708 0.050463 0.028125 0.043519
1 0.373698 0.093056 0.046354 0.080556
1 0.717187 0.275926 0.052083 0.105556
0 0.232292 0.173611 0.115625 0.221296
1 0.273438 0.266204 0.037500 0.056481
1 0.293750 0.268981 0.031250 0.060185
0 0.469531 0.342593 0.203646 0.398148
1 0.748177 0.462037 0.031771 0.035185
1 0.757812 0.502315 0.041667 0.062037
1 0.166146 0.390278 0.048958 0.082407
1 0.391406 0.470370 0.029687 0.048148
0 0.612500 0.506944 0.119792 0.262037
1 0.626042 0.430556 0.020833 0.040741
1 0.677083 0.425000 0.044792 0.072222
1 0.743490 0.718981 0.040104 0.060185
0 0.538802 0.736574 0.250521 0.417593
1 0.773177 0.797685 0.035937 0.058333
1 0.821354 0.874537 0.052083 0.084259
1 0.747656 0.894907 0.028646 0.054630
0 0.054948 0.120833 0.108854 0.239815
0 0.059115 0.378241 0.117188 0.360185
0 0.917969 0.685648 0.164062 0.628704
0 0.045573 0.740741 0.090104 0.288889
1 0.130208 0.797222 0.026042 0.074074
1 0.167708 0.707407 0.028125 0.055556
1 0.638802 0.829630 0.032813 0.070370
