0 0.529167 0.106019 0.148958 0.210185
0 0.895052 0.186111 0.209896 0.370370
1 0.340104 0.036574 0.028125 0.043519
1 0.372135 0.074537 0.046354 0.080556
1 0.717187 0.265741 0.052083 0.105556
0 0.233854 0.156944 0.115625 0.221296
1 0.271354 0.243981 0.037500 0.056481
1 0.292708 0.254167 0.031250 0.060185
0 0.468490 0.325926 0.203646 0.398148
1 0.744531 0.446296 0.031771 0.035185
1 0.755729 0.484722 0.041667 0.062037
1 0.167708 0.377315 0.048958 0.082407
1 0.388281 0.456481 0.029687 0.048148
0 0.603125 0.494907 0.119792 0.262037
1 0.673438 0.408333 0.044792 0.072222
1 0.743490 0.701389 0.040104 0.060185
0 0.531510 0.718981 0.250521 0.417593
1 0.771094 0.784722 0.035937 0.058333
1 0.815625 0.853241 0.052083 0.084259
1 0.745573 0.883796 0.028646 0.054630
0 0.052865 0.111574 0.104688 0.221296
0 0.059115 0.372685 0.117188 0.371296
0 0.913802 0.685648 0.172396 0.628704
0 0.045312 0.723148 0.089583 0.288889
1 0.130208 0.780556 0.026042 0.074074
1 0.164583 0.686111 0.028125 0.055556
1 0.634115 0.814815 0.032813 0.070370
0 0.117448 0.915741 0.233854 0.168519
