0 0.515365 0.094444 0.136979 0.187037
0 0.890885 0.178704 0.218229 0.355556
1 0.340625 0.022222 0.028125 0.042593
1 0.369531 0.059722 0.046354 0.080556
1 0.712500 0.251852 0.052083 0.105556
0 0.228646 0.131019 0.110417 0.191667
1 0.266667 0.225926 0.037500 0.057407
1 0.293750 0.227315 0.034375 0.065741
0 0.461198 0.306481 0.203646 0.398148
1 0.741927 0.424074 0.031771 0.035185
1 0.753125 0.472685 0.041667 0.062037
1 0.165625 0.359722 0.048958 0.082407
1 0.385677 0.439815 0.029687 0.048148
0 0.598437 0.473611 0.119792 0.262037
1 0.672396 0.397222 0.044792 0.072222
1 0.735677 0.684722 0.040104 0.060185
0 0.522656 0.697685 0.250521 0.417593
1 0.769010 0.767130 0.035937 0.058333
1 0.808854 0.840278 0.052083 0.084259
1 0.740885 0.867130 0.028646 0.054630
0 0.058854 0.343981 0.116667 0.371296
0 0.912240 0.670833 0.175521 0.658333
0 0.045052 0.705556 0.089063 0.288889
1 0.126042 0.761111 0.026042 0.074074
1 0.163542 0.668519 0.028125 0.055556
1 0.634115 0.814815 0.032813 0.070370
0 0.117708 0.906481 0.234375 0.187037
0 0.052865 0.081481 0.104688 0.161111
