0 0.887760 0.169444 0.224479 0.337037
1 0.364844 0.042130 0.046354 0.080556
1 0.706771 0.236574 0.052083 0.106481
0 0.227083 0.114352 0.110417 0.191667
1 0.261458 0.208333 0.037500 0.057407
1 0.291667 0.220833 0.034375 0.065741
0 0.458594 0.287037 0.203646 0.398148
1 0.738281 0.414815 0.031771 0.035185
1 0.747396 0.456019 0.041667 0.062037
1 0.158854 0.337500 0.048958 0.082407
1 0.380990 0.417593 0.029687 0.048148
0 0.595833 0.456944 0.119792 0.262037
1 0.666667 0.375000 0.044792 0.072222
1 0.729948 0.665278 0.040104 0.060185
0 0.517969 0.684722 0.250521 0.417593
1 0.762240 0.746759 0.035937 0.058333
1 0.807813 0.821759 0.052083 0.084259
1 0.736198 0.850463 0.028646 0.054630
0 0.058594 0.325463 0.116146 0.371296
0 0.908594 0.661574 0.182812 0.676852
0 0.044792 0.683333 0.088542 0.288889
1 0.118750 0.735185 0.026042 0.074074
1 0.154167 0.650000 0.028125 0.055556
1 0.622656 0.783333 0.032813 0.070370
0 0.114062 0.899074 0.227083 0.201852
0 0.052604 0.073148 0.104167 0.144444
