0 0.878385 0.157870 0.220312 0.313889
1 0.356771 0.027315 0.041667 0.052778
1 0.700521 0.211111 0.052083 0.107407
0 0.218750 0.096296 0.110417 0.190741
1 0.251563 0.187037 0.037500 0.057407
1 0.281250 0.194907 0.034375 0.065741
0 0.450781 0.259259 0.203646 0.398148
1 0.731510 0.393519 0.031771 0.035185
1 0.738542 0.433796 0.041667 0.062037
1 0.154688 0.311574 0.048958 0.082407
1 0.370573 0.398148 0.029687 0.048148
0 0.583333 0.433796 0.119792 0.262037
1 0.659896 0.351852 0.044792 0.072222
1 0.723698 0.642130 0.040104 0.060185
0 0.513281 0.656944 0.250521 0.417593
1 0.755990 0.731019 0.035937 0.058333
1 0.800521 0.801389 0.052083 0.084259
1 0.730469 0.830093 0.028646 0.054630
0 0.050260 0.306019 0.099479 0.373148
0 0.905469 0.607870 0.189062 0.784259
0 0.044531 0.665741 0.088021 0.288889
1 0.110417 0.718519 0.026042 0.074074
1 0.149479 0.632407 0.028125 0.055556
1 0.616406 0.760185 0.032813 0.070370
0 0.108854 0.881944 0.216667 0.236111
0 0.048177 0.064352 0.095312 0.126852
0 0.624219 0.855093 0.164062 0.289815
