0 0.874219 0.157407 0.220312 0.312963
1 0.356771 0.027315 0.041667 0.052778
1 0.697917 0.194444 0.052083 0.107407
0 0.211458 0.085185 0.120833 0.168519
1 0.250000 0.170370 0.037500 0.057407
1 0.281250 0.194907 0.034375 0.065741
0 0.442448 0.243519 0.203646 0.398148
1 0.725781 0.374074 0.031771 0.035185
1 0.736979 0.413426 0.041667 0.062037
1 0.147396 0.294907 0.048958 0.082407
1 0.370573 0.379630 0.029687 0.048148
0 0.583333 0.433796 0.119792 0.262037
1 0.654167 0.337963 0.044792 0.072222
1 0.718490 0.629167 0.040104 0.060185
0 0.509375 0.636574 0.251042 0.417593
1 0.752865 0.706019 0.035937 0.058333
1 0.795312 0.784722 0.052083 0.084259
1 0.725260 0.805093 0.028646 0.054630
0 0.046615 0.279167 0.092188 0.336111
0 0.905469 0.607870 0.189062 0.784259
0 0.044271 0.646296 0.087500 0.288889
1 0.108854 0.698148 0.026042 0.074074
1 0.146354 0.611111 0.028125 0.055556
1 0.612760 0.738889 0.032813 0.070370
0 0.108073 0.875000 0.215104 0.250000
0 0.616927 0.848611 0.163021 0.302778
