0 0.867969 0.131019 0.219271 0.260185
1 0.690625 0.180556 0.052083 0.107407
0 0.210156 0.083796 0.110937 0.165741
1 0.250000 0.166667 0.037500 0.057407
1 0.275521 0.164815 0.034375 0.066667
0 0.445573 0.237037 0.203646 0.398148
1 0.721615 0.364815 0.031771 0.035185
1 0.729688 0.402315 0.041667 0.062037
1 0.146354 0.290278 0.048958 0.082407
1 0.370573 0.371296 0.029687 0.048148
0 0.577083 0.399537 0.119792 0.262037
1 0.653125 0.328704 0.044792 0.072222
1 0.715885 0.615278 0.040104 0.060185
0 0.512500 0.615278 0.251042 0.417593
1 0.747656 0.696759 0.035937 0.058333
1 0.788542 0.764352 0.052083 0.084259
1 0.721094 0.791204 0.028646 0.054630
0 0.046354 0.267130 0.091667 0.336111
0 0.900260 0.595370 0.199479 0.809259
0 0.044010 0.629630 0.086979 0.288889
1 0.109896 0.688889 0.026042 0.074074
1 0.146354 0.599074 0.028125 0.055556
1 0.609115 0.719444 0.032813 0.070370
0 0.105990 0.869444 0.210938 0.261111
0 0.615104 0.840278 0.162500 0.319444
