0 0.861719 0.137500 0.217188 0.273148
1 0.688542 0.176852 0.052083 0.107407
0 0.207552 0.083333 0.110937 0.164815
1 0.246354 0.152778 0.037500 0.057407
1 0.269271 0.159259 0.034375 0.066667
0 0.442969 0.217593 0.203646 0.398148
1 0.716927 0.353704 0.031771 0.035185
1 0.725000 0.390278 0.041667 0.062037
1 0.145313 0.277315 0.048958 0.082407
1 0.363281 0.359259 0.029687 0.048148
0 0.571354 0.402315 0.119792 0.262037
1 0.645833 0.313889 0.044792 0.072222
1 0.712240 0.602315 0.040104 0.060185
0 0.506771 0.608796 0.251042 0.417593
1 0.741927 0.677315 0.035937 0.058333
1 0.781771 0.755093 0.052083 0.084259
1 0.715885 0.780093 0.028646 0.054630
0 0.046094 0.261574 0.091146 0.336111
0 0.900260 0.595370 0.199479 0.809259
0 0.043750 0.630556 0.086458 0.288889
1 0.109375 0.678704 0.026042 0.074074
1 0.145833 0.588889 0.028125 0.055556
1 0.603906 0.711111 0.032813 0.070370
0 0.105990 0.863426 0.210938 0.273148
0 0.608594 0.833796 0.160938 0.332407
