0 0.884375 0.135648 0.155208 0.269444
1 0.683333 0.167593 0.052083 0.107407
0 0.208594 0.075000 0.108854 0.148148
1 0.244271 0.149074 0.037500 0.057407
1 0.266146 0.151852 0.034375 0.066667
0 0.438281 0.214815 0.203646 0.398148
1 0.713281 0.341667 0.031771 0.035185
1 0.719271 0.380093 0.041667 0.062037
1 0.145313 0.271759 0.048958 0.082407
1 0.362760 0.351852 0.029687 0.048148
0 0.569792 0.386574 0.119792 0.262037
1 0.642708 0.312037 0.044792 0.072222
1 0.708594 0.593056 0.040104 0.060185
0 0.504427 0.596759 0.242188 0.408333
1 0.738281 0.665278 0.035937 0.058333
1 0.778125 0.736574 0.052083 0.084259
1 0.714844 0.765278 0.028646 0.054630
0 0.045573 0.271296 0.090104 0.362963
0 0.896094 0.549537 0.207813 0.754630
0 0.043490 0.620370 0.085938 0.288889
1 0.110417 0.663889 0.026042 0.074074
1 0.147396 0.575926 0.028125 0.055556
0 0.105990 0.863426 0.210938 0.273148
0 0.611198 0.828704 0.166146 0.342593
1 0.602604 0.698611 0.030208 0.069444
