0 0.873437 0.135185 0.155208 0.268519
1 0.681771 0.154630 0.052083 0.107407
0 0.208594 0.067130 0.108854 0.132407
1 0.244271 0.137037 0.037500 0.057407
1 0.268750 0.144444 0.034375 0.066667
0 0.436198 0.205556 0.203646 0.398148
1 0.710677 0.329630 0.031771 0.035185
1 0.717187 0.367130 0.041667 0.062037
1 0.145833 0.262500 0.048958 0.082407
1 0.363802 0.339815 0.029687 0.048148
0 0.569271 0.369907 0.119792 0.262037
1 0.643229 0.294444 0.044792 0.072222
1 0.707552 0.574537 0.040104 0.060185
0 0.506510 0.580093 0.242188 0.408333
1 0.733073 0.649537 0.035937 0.058333
1 0.778125 0.721759 0.052083 0.084259
1 0.712760 0.749537 0.028646 0.054630
0 0.048177 0.254167 0.095312 0.362037
0 0.894531 0.528241 0.210938 0.797222
0 0.043229 0.609259 0.085417 0.288889
1 0.110937 0.652778 0.026042 0.074074
1 0.147396 0.563889 0.028125 0.055556
0 0.105208 0.852315 0.209375 0.295370
0 0.608594 0.818056 0.170313 0.363889
1 0.601042 0.680093 0.030208 0.069444
