0 0.871875 0.134722 0.155208 0.267593
1 0.681771 0.154630 0.052083 0.107407
0 0.209115 0.066667 0.108854 0.131481
1 0.241667 0.124074 0.037500 0.057407
1 0.266146 0.132407 0.034375 0.066667
0 0.441927 0.199537 0.203646 0.397222
1 0.710677 0.313889 0.031771 0.035185
1 0.716667 0.350463 0.041667 0.062037
1 0.148438 0.249537 0.048958 0.082407
1 0.365365 0.325000 0.029687 0.048148
0 0.567187 0.358796 0.119792 0.262037
1 0.639583 0.277778 0.044792 0.072222
1 0.705990 0.554167 0.040104 0.060185
0 0.498698 0.565278 0.242188 0.408333
1 0.736719 0.634722 0.035937 0.058333
1 0.778125 0.701389 0.052083 0.084259
1 0.712760 0.749537 0.028646 0.054630
0 0.047917 0.239815 0.094792 0.362963
0 0.894531 0.526389 0.210938 0.797222
0 0.042969 0.603704 0.084896 0.288889
1 0.115625 0.634259 0.026042 0.074074
1 0.148958 0.549074 0.028125 0.055556
0 0.108854 0.843981 0.216667 0.312037
0 0.596094 0.809722 0.193229 0.380556
1 0.601042 0.680093 0.030208 0.069444
