1 0.679688 0.121296 0.052083 0.107407
0 0.207552 0.054167 0.106771 0.106481
1 0.242708 0.110185 0.037500 0.057407
1 0.267188 0.116667 0.034375 0.066667
0 0.439063 0.186111 0.204167 0.370370
1 0.707031 0.295370 0.031771 0.035185
1 0.715625 0.333796 0.041667 0.062037
1 0.149479 0.231944 0.048958 0.082407
1 0.363802 0.308333 0.029687 0.048148
0 0.567187 0.336574 0.119792 0.262037
1 0.639062 0.261111 0.044792 0.072222
1 0.705990 0.535648 0.040104 0.060185
0 0.502865 0.554630 0.238021 0.396296
1 0.735156 0.615278 0.035937 0.058333
1 0.776563 0.681019 0.052083 0.084259
1 0.712760 0.705093 0.028646 0.054630
0 0.048958 0.229167 0.096875 0.363889
0 0.894531 0.526389 0.210938 0.797222
0 0.042708 0.576852 0.084375 0.288889
1 0.115625 0.621296 0.026042 0.074074
1 0.153125 0.531481 0.028125 0.055556
0 0.108333 0.831944 0.215625 0.336111
0 0.596094 0.799074 0.193229 0.401852
1 0.167969 0.953241 0.026562 0.052778
1 0.825521 0.899074 0.025000 0.046296
0 0.870313 0.107870 0.143750 0.213889
