1 0.679167 0.100000 0.052083 0.107407
0 0.207552 0.054167 0.106771 0.106481
1 0.244271 0.091667 0.037500 0.057407
1 0.268750 0.100000 0.034375 0.066667
0 0.435937 0.185648 0.204167 0.369444
1 0.707031 0.275926 0.031771 0.035185
1 0.716667 0.317130 0.041667 0.062037
1 0.147396 0.218981 0.048958 0.082407
1 0.364323 0.288889 0.029687 0.048148
0 0.567187 0.336574 0.119792 0.262037
1 0.638021 0.243519 0.044792 0.072222
1 0.705469 0.516204 0.040104 0.060185
0 0.497135 0.514815 0.238021 0.396296
1 0.735677 0.594907 0.035937 0.058333
1 0.777604 0.656944 0.052083 0.084259
1 0.710677 0.693981 0.028646 0.054630
0 0.048698 0.202315 0.096354 0.363889
0 0.894531 0.478241 0.210938 0.797222
0 0.042448 0.544444 0.083854 0.288889
1 0.115625 0.606481 0.026042 0.074074
1 0.152083 0.515741 0.028125 0.055556
0 0.109896 0.824537 0.218750 0.350926
0 0.600781 0.787500 0.191146 0.425000
1 0.165365 0.935648 0.026562 0.052778
1 0.823958 0.873148 0.025000 0.046296
0 0.858594 0.101852 0.140104 0.201852
1 0.237760 0.964352 0.042188 0.071296
