1 0.675000 0.077778 0.052083 0.107407
1 0.243229 0.071296 0.037500 0.057407
1 0.266667 0.075000 0.034375 0.066667
0 0.431250 0.163889 0.198958 0.325926
1 0.707552 0.253704 0.031771 0.035185
1 0.717708 0.293981 0.041667 0.062037
1 0.147917 0.192130 0.048958 0.082407
1 0.363281 0.273148 0.029687 0.048148
0 0.567187 0.281019 0.116667 0.239815
1 0.639062 0.212500 0.044792 0.073148
1 0.702865 0.490278 0.040104 0.060185
0 0.503906 0.504630 0.234896 0.392593
1 0.734635 0.573611 0.035937 0.058333
1 0.778125 0.640278 0.052083 0.084259
1 0.710156 0.668981 0.028646 0.054630
0 0.048438 0.184722 0.095833 0.363889
0 0.894531 0.462500 0.210938 0.797222
0 0.042188 0.529630 0.083333 0.288889
1 0.115625 0.585185 0.026042 0.074074
1 0.151042 0.492593 0.028125 0.055556
0 0.109635 0.798611 0.218229 0.350926
0 0.595573 0.774537 0.193229 0.450926
1 0.166927 0.914352 0.026562 0.052778
1 0.827604 0.857407 0.025000 0.046296
0 0.859115 0.083333 0.133854 0.164815
1 0.237760 0.950463 0.042188 0.071296
1 0.602344 0.600000 0.033854 0.066667
