1 0.675521 0.068519 0.052083 0.107407
1 0.241146 0.055556 0.037500 0.057407
1 0.268229 0.061111 0.034375 0.066667
0 0.433333 0.163426 0.198958 0.325000
1 0.707031 0.240741 0.031771 0.035185
1 0.713542 0.278241 0.041667 0.062037
1 0.144271 0.182870 0.048958 0.082407
1 0.361198 0.255556 0.029687 0.048148
0 0.568750 0.273611 0.116667 0.239815
1 0.636458 0.211574 0.044792 0.073148
1 0.701302 0.481944 0.040104 0.060185
0 0.501302 0.486111 0.234896 0.392593
1 0.732552 0.557870 0.035937 0.058333
1 0.777083 0.625463 0.052083 0.084259
1 0.710156 0.655093 0.028646 0.054630
0 0.048438 0.184722 0.095833 0.363889
0 0.894531 0.447222 0.210938 0.798148
0 0.041927 0.523148 0.082812 0.288889
1 0.115625 0.574074 0.026042 0.074074
1 0.150000 0.487037 0.028125 0.055556
0 0.109635 0.798611 0.218229 0.350926
0 0.597135 0.774537 0.193229 0.450926
1 0.168490 0.905093 0.026562 0.052778
1 0.828125 0.846296 0.025000 0.046296
0 0.855990 0.078241 0.121354 0.154630
1 0.237760 0.935648 0.042188 0.071296
1 0.601302 0.588889 0.033854 0.066667
