1 0.673958 0.058333 0.052083 0.107407
1 0.241146 0.055556 0.037500 0.057407
1 0.268229 0.053704 0.034375 0.066667
0 0.429948 0.156944 0.198437 0.312037
1 0.706510 0.234259 0.031771 0.035185
1 0.714063 0.268056 0.041667 0.062037
1 0.144271 0.182870 0.048958 0.082407
1 0.359115 0.246296 0.029687 0.048148
0 0.565104 0.263426 0.116667 0.239815
1 0.636458 0.194907 0.044792 0.073148
1 0.701302 0.470833 0.040104 0.060185
0 0.503906 0.466667 0.234896 0.392593
1 0.732552 0.548611 0.035937 0.058333
1 0.778125 0.612500 0.052083 0.084259
1 0.709635 0.643981 0.028646 0.054630
0 0.048177 0.182407 0.095312 0.362963
0 0.894531 0.431481 0.210938 0.798148
0 0.042969 0.497222 0.084896 0.283333
1 0.113021 0.560185 0.026042 0.074074
1 0.149479 0.473148 0.028125 0.055556
0 0.598437 0.765741 0.192708 0.468519
1 0.167448 0.893056 0.026562 0.052778
1 0.826042 0.834259 0.025000 0.046296
0 0.845052 0.077778 0.121354 0.153704
1 0.239323 0.921759 0.042188 0.071296
1 0.600781 0.575926 0.033854 0.066667
