1 0.676302 0.045370 0.056771 0.088889
1 0.241146 0.040741 0.037500 0.057407
1 0.264062 0.037037 0.034375 0.066667
0 0.447396 0.146296 0.200000 0.290741
1 0.705990 0.215741 0.031771 0.035185
1 0.714063 0.255093 0.041667 0.062037
1 0.147917 0.158796 0.048958 0.082407
1 0.361198 0.231019 0.029687 0.049074
0 0.565104 0.244907 0.116667 0.239815
1 0.636458 0.181944 0.044792 0.073148
1 0.702344 0.457870 0.040104 0.060185
0 0.504948 0.445370 0.234896 0.392593
1 0.732552 0.530093 0.035937 0.058333
1 0.777604 0.599537 0.052083 0.084259
1 0.710677 0.633796 0.028646 0.054630
0 0.046875 0.176389 0.092708 0.350926
0 0.894531 0.428704 0.210938 0.798148
0 0.042708 0.502778 0.084375 0.283333
1 0.114062 0.547222 0.026042 0.074074
1 0.151042 0.459259 0.028125 0.055556
0 0.596094 0.757407 0.192188 0.485185
1 0.167448 0.876389 0.026562 0.052778
1 0.825521 0.817593 0.025000 0.046296
0 0.843750 0.068981 0.118750 0.136111
1 0.238802 0.906019 0.042188 0.071296
1 0.600260 0.562963 0.033854 0.066667
1 0.409896 0.969444 0.035417 0.061111
