1 0.676302 0.037500 0.056771 0.073148
0 0.429427 0.136574 0.198437 0.271296
1 0.703385 0.195370 0.031771 0.035185
1 0.714063 0.238426 0.041667 0.062037
1 0.144271 0.140278 0.048958 0.082407
1 0.356510 0.206944 0.029687 0.049074
0 0.567187 0.229167 0.116667 0.239815
1 0.634375 0.160648 0.044792 0.073148
1 0.701823 0.434722 0.040104 0.060185
0 0.500260 0.436111 0.234896 0.392593
1 0.733594 0.509722 0.035937 0.058333
1 0.780208 0.582870 0.052083 0.084259
1 0.710156 0.611574 0.028646 0.054630
0 0.046875 0.176389 0.092708 0.350926
0 0.894010 0.375463 0.211979 0.749074
0 0.042448 0.494444 0.083854 0.288889
1 0.113021 0.528704 0.026042 0.074074
1 0.146875 0.438889 0.028125 0.055556
0 0.599740 0.731481 0.201563 0.481481
1 0.161198 0.854167 0.026562 0.052778
1 0.827083 0.799074 0.025000 0.046296
1 0.236198 0.889352 0.042188 0.071296
1 0.598177 0.538889 0.033854 0.066667
1 0.406771 0.954630 0.035417 0.061111
