0 0.417708 0.125000 0.189583 0.248148
1 0.703385 0.178704 0.031771 0.035185
1 0.713021 0.213889 0.041667 0.062963
1 0.140104 0.118981 0.048958 0.082407
1 0.354427 0.188426 0.029687 0.049074
0 0.562500 0.200463 0.116667 0.239815
1 0.634375 0.137500 0.044792 0.073148
1 0.699219 0.423611 0.040104 0.060185
0 0.498437 0.412037 0.235417 0.392593
1 0.732031 0.493056 0.035937 0.058333
1 0.778125 0.561574 0.052083 0.084259
1 0.710156 0.590278 0.028646 0.054630
0 0.041927 0.131944 0.082812 0.262037
0 0.894010 0.375463 0.211979 0.749074
0 0.037760 0.466204 0.074479 0.228704
1 0.111458 0.510185 0.026042 0.074074
1 0.142708 0.422222 0.028125 0.055556
0 0.595573 0.711111 0.201563 0.481481
1 0.155990 0.845833 0.026562 0.052778
1 0.827604 0.783333 0.025000 0.046296
1 0.229948 0.879167 0.042188 0.071296
1 0.597135 0.523148 0.033854 0.066667
1 0.403646 0.942593 0.035417 0.061111
