0 0.415104 0.124537 0.189583 0.247222
1 0.704427 0.154630 0.031771 0.035185
1 0.711979 0.194444 0.041667 0.062963
1 0.133854 0.102315 0.048958 0.082407
1 0.347656 0.168981 0.029687 0.049074
0 0.561458 0.186574 0.116667 0.239815
1 0.631771 0.121759 0.044792 0.073148
1 0.700260 0.405093 0.040104 0.060185
0 0.498437 0.412037 0.235417 0.392593
1 0.734115 0.480093 0.035937 0.058333
1 0.778646 0.548611 0.052083 0.084259
1 0.708594 0.582870 0.028646 0.054630
0 0.041927 0.131944 0.082812 0.262037
0 0.893750 0.357870 0.212500 0.713889
0 0.037500 0.447685 0.073958 0.228704
1 0.094792 0.495370 0.026042 0.074074
1 0.135937 0.405556 0.028125 0.055556
0 0.595052 0.706481 0.201563 0.481481
1 0.150260 0.832870 0.026562 0.052778
1 0.827604 0.783333 0.025000 0.046296
1 0.226823 0.863426 0.042188 0.071296
1 0.596094 0.508333 0.033854 0.066667
1 0.399219 0.928241 0.034896 0.069444
