0 0.403906 0.124074 0.186979 0.246296
1 0.702344 0.145370 0.031771 0.035185
1 0.711979 0.182407 0.041667 0.062963
1 0.125521 0.088426 0.048958 0.082407
1 0.347656 0.160648 0.029687 0.049074
0 0.559375 0.168981 0.116667 0.239815
1 0.630729 0.113426 0.044792 0.073148
1 0.701823 0.393056 0.040104 0.060185
0 0.494271 0.394444 0.235417 0.392593
1 0.733073 0.467130 0.035937 0.058333
1 0.778646 0.537500 0.052083 0.084259
1 0.708073 0.575463 0.028646 0.054630
0 0.038802 0.122685 0.076563 0.243519
0 0.894531 0.354167 0.210938 0.706481
1 0.093229 0.480556 0.026042 0.074074
1 0.130729 0.394444 0.028125 0.055556
0 0.595052 0.690741 0.201563 0.481481
1 0.147135 0.825463 0.026562 0.052778
1 0.825521 0.766667 0.025000 0.046296
1 0.221094 0.857870 0.042188 0.071296
1 0.596094 0.508333 0.033854 0.066667
1 0.397656 0.924537 0.034896 0.069444
