1 0.703385 0.130556 0.031771 0.035185
1 0.717187 0.170370 0.041667 0.062963
1 0.122396 0.071759 0.048958 0.082407
1 0.346094 0.147685 0.029687 0.049074
0 0.560417 0.159722 0.116667 0.239815
1 0.630729 0.098611 0.044792 0.073148
1 0.701823 0.380093 0.040104 0.060185
0 0.494271 0.378704 0.235417 0.392593
1 0.733073 0.455093 0.035937 0.058333
1 0.780208 0.523611 0.052083 0.084259
1 0.708594 0.562500 0.028646 0.054630
0 0.894271 0.347222 0.211458 0.692593
1 0.092708 0.474074 0.026042 0.074074
1 0.126562 0.381481 0.028125 0.055556
0 0.591927 0.678704 0.201563 0.481481
1 0.145052 0.813426 0.026562 0.052778
1 0.828125 0.748148 0.025000 0.046296
1 0.217448 0.846759 0.042188 0.071296
1 0.596615 0.485185 0.033854 0.066667
1 0.397135 0.916204 0.034896 0.069444
1 0.390625 0.976852 0.030208 0.046296
0 0.481250 0.089352 0.109375 0.176852
