1 0.703385 0.118519 0.031771 0.035185
1 0.716667 0.159259 0.041667 0.062963
1 0.122396 0.056019 0.048958 0.082407
1 0.342448 0.130093 0.029687 0.049074
0 0.559375 0.137500 0.116667 0.239815
1 0.632292 0.076389 0.044792 0.073148
1 0.702865 0.364352 0.040104 0.060185
0 0.492188 0.363889 0.235417 0.392593
1 0.737760 0.443981 0.035937 0.058333
1 0.778646 0.506944 0.052083 0.084259
1 0.709115 0.549537 0.028646 0.054630
0 0.894271 0.344444 0.211458 0.687037
1 0.089583 0.454630 0.026042 0.074074
1 0.122396 0.366667 0.028125 0.055556
0 0.592448 0.668519 0.201563 0.481481
1 0.140885 0.799537 0.026562 0.052778
1 0.830208 0.738889 0.025000 0.046296
1 0.215885 0.837500 0.042188 0.071296
1 0.596094 0.473148 0.033854 0.066667
1 0.398177 0.901389 0.034896 0.069444
1 0.388281 0.968056 0.030729 0.063889
0 0.479167 0.088889 0.109375 0.175926
