1 0.706510 0.100000 0.031771 0.035185
1 0.716146 0.137963 0.041667 0.062963
1 0.121875 0.041667 0.048958 0.081481
1 0.343490 0.116204 0.029687 0.049074
0 0.560937 0.120370 0.116667 0.238889
1 0.634375 0.061574 0.044792 0.073148
1 0.702865 0.350463 0.040104 0.060185
0 0.492708 0.353704 0.235417 0.392593
1 0.739844 0.424537 0.035937 0.058333
1 0.782292 0.493981 0.052083 0.084259
1 0.709115 0.531944 0.028646 0.054630
0 0.896094 0.337500 0.207813 0.673148
1 0.086979 0.443519 0.026042 0.074074
1 0.120833 0.347222 0.028125 0.055556
0 0.592448 0.645370 0.201563 0.481481
1 0.140365 0.784722 0.026562 0.052778
1 0.833333 0.724074 0.025000 0.046296
1 0.216406 0.817130 0.042188 0.071296
1 0.596094 0.473148 0.033854 0.066667
1 0.397135 0.889352 0.034896 0.069444
1 0.389323 0.959722 0.030729 0.063889
1 0.198698 0.984722 0.026562 0.030556
