1 0.705469 0.082407 0.031771 0.035185
1 0.717708 0.125000 0.041667 0.062963
1 0.122656 0.029167 0.050521 0.056481
1 0.345052 0.095833 0.029687 0.049074
0 0.559896 0.109259 0.114583 0.216667
1 0.633333 0.046759 0.044792 0.073148
1 0.702865 0.332870 0.040104 0.060185
0 0.490625 0.325926 0.235417 0.392593
1 0.738802 0.406944 0.035937 0.058333
1 0.782292 0.477315 0.052083 0.084259
1 0.710156 0.512500 0.028646 0.054630
0 0.895833 0.327778 0.208333 0.653704
1 0.085938 0.426852 0.026042 0.074074
1 0.118750 0.337037 0.028125 0.055556
0 0.595052 0.635185 0.201563 0.481481
1 0.140365 0.769907 0.026562 0.052778
1 0.832812 0.705556 0.025000 0.046296
1 0.214323 0.805093 0.042188 0.071296
1 0.595573 0.433333 0.033854 0.066667
1 0.397135 0.868056 0.034896 0.069444
1 0.388281 0.946759 0.030729 0.063889
0 0.473438 0.959259 0.148958 0.081481
1 0.196094 0.970370 0.029687 0.035185
