1 0.705469 0.070370 0.031771 0.035185
1 0.716146 0.115741 0.041667 0.062963
1 0.116667 0.024537 0.047917 0.047222
1 0.340365 0.084722 0.029687 0.049074
0 0.558073 0.102315 0.113021 0.202778
1 0.630990 0.031944 0.043229 0.062037
1 0.701823 0.319907 0.040104 0.060185
0 0.486979 0.318519 0.235417 0.392593
1 0.736719 0.398611 0.035937 0.058333
1 0.779167 0.468056 0.052083 0.084259
1 0.709115 0.504167 0.028646 0.054630
0 0.895833 0.327315 0.208333 0.652778
1 0.082292 0.413889 0.026042 0.074074
1 0.119271 0.316667 0.028125 0.055556
0 0.591146 0.623148 0.208333 0.496296
1 0.136198 0.760648 0.026562 0.052778
1 0.833854 0.697222 0.025000 0.046296
1 0.213802 0.793981 0.042188 0.071296
1 0.595573 0.433333 0.033854 0.066667
1 0.393490 0.860648 0.034896 0.069444
1 0.385677 0.932870 0.030729 0.063889
0 0.473177 0.952778 0.148438 0.094444
1 0.045573 0.969444 0.039062 0.061111
1 0.199219 0.962037 0.028646 0.029630
