0 0.492448 0.280556 0.384896 0.464815
0 0.499740 0.640278 0.230729 0.369444
1 0.234896 0.698611 0.028125 0.069444
1 0.107813 0.475000 0.013542 0.038889
1 0.259635 0.792593 0.019271 0.053704
1 0.162240 0.828241 0.027604 0.058333
1 0.473698 0.825926 0.019271 0.029630
1 0.863281 0.794444 0.030729 0.051852
1 0.975000 0.761574 0.040625 0.086111
1 0.913281 0.900463 0.015104 0.032407
1 0.555729 0.944907 0.015625 0.043519
1 0.674219 0.618519 0.033854 0.064815
1 0.798958 0.491204 0.021875 0.047222
1 0.695312 0.262037 0.028125 0.079630
1 0.616927 0.140278 0.045312 0.045370
