1 0.705990 0.067593 0.031771 0.035185
1 0.714583 0.105556 0.041667 0.062963
1 0.340365 0.073611 0.029687 0.049074
0 0.553385 0.101852 0.113021 0.201852
1 0.629427 0.031481 0.043229 0.061111
1 0.700260 0.316204 0.040104 0.060185
0 0.487760 0.322685 0.240104 0.399074
1 0.734115 0.392130 0.035937 0.058333
1 0.780729 0.456944 0.052083 0.084259
1 0.709115 0.498611 0.028646 0.054630
0 0.894792 0.321759 0.210417 0.641667
1 0.079687 0.409259 0.026042 0.074074
1 0.119271 0.316667 0.028125 0.055556
0 0.591406 0.619907 0.209896 0.504630
1 0.134635 0.753241 0.026562 0.052778
1 0.830729 0.690741 0.025000 0.046296
1 0.212760 0.786574 0.042188 0.071296
1 0.595573 0.433333 0.033854 0.066667
1 0.394010 0.859722 0.034896 0.069444
1 0.385677 0.929167 0.030729 0.063889
0 0.474219 0.946759 0.150521 0.106481
1 0.042448 0.968519 0.039062 0.061111
1 0.192969 0.953241 0.023438 0.032407
