1 0.704948 0.054630 0.031771 0.035185
1 0.713021 0.091667 0.041667 0.062963
1 0.338802 0.070833 0.029687 0.049074
0 0.552083 0.094444 0.118750 0.187037
1 0.632031 0.025926 0.041146 0.050000
1 0.698177 0.300463 0.040104 0.060185
0 0.486719 0.301389 0.240104 0.399074
1 0.734635 0.384722 0.035937 0.058333
1 0.778646 0.446759 0.052083 0.084259
1 0.708594 0.483796 0.028646 0.054630
0 0.894792 0.314352 0.210417 0.626852
1 0.082292 0.400000 0.026042 0.074074
1 0.116667 0.303704 0.028125 0.055556
0 0.590365 0.605093 0.209896 0.504630
1 0.134635 0.743981 0.026562 0.052778
1 0.830729 0.676852 0.025000 0.046296
1 0.211198 0.779167 0.042188 0.071296
1 0.593490 0.410185 0.033854 0.066667
1 0.391927 0.843056 0.034896 0.069444
1 0.383594 0.914352 0.030729 0.063889
0 0.529948 0.927315 0.268229 0.145370
1 0.041927 0.960185 0.039062 0.061111
1 0.196875 0.944907 0.028125 0.032407
