1 0.701302 0.041667 0.031771 0.035185
1 0.706771 0.082407 0.041667 0.062963
1 0.338802 0.070833 0.029687 0.049074
1 0.697135 0.290278 0.040104 0.060185
0 0.485677 0.298611 0.240104 0.399074
1 0.730469 0.368056 0.035937 0.058333
1 0.775521 0.436574 0.052083 0.084259
1 0.708594 0.483796 0.028646 0.054630
0 0.894271 0.306481 0.211458 0.611111
1 0.079687 0.393519 0.026042 0.074074
1 0.113542 0.297222 0.028125 0.055556
0 0.586719 0.597685 0.209896 0.504630
1 0.132552 0.731944 0.026562 0.052778
1 0.827083 0.666667 0.025000 0.046296
1 0.210677 0.766204 0.042188 0.071296
1 0.590365 0.400000 0.033854 0.066667
1 0.391927 0.833796 0.034896 0.069444
1 0.382031 0.895833 0.030729 0.063889
0 0.527865 0.919907 0.267188 0.160185
1 0.038802 0.950926 0.039062 0.061111
1 0.188281 0.929630 0.024479 0.035185
