1 0.701302 0.032407 0.031771 0.035185
1 0.706250 0.067593 0.041667 0.062963
1 0.330990 0.043981 0.029687 0.049074
1 0.695052 0.273611 0.040104 0.060185
0 0.484115 0.293981 0.240104 0.399074
1 0.728385 0.353241 0.035937 0.058333
1 0.774479 0.421759 0.052083 0.084259
1 0.703385 0.461574 0.028646 0.054630
0 0.890885 0.300000 0.218229 0.598148
1 0.073958 0.376852 0.026042 0.074074
1 0.110417 0.283333 0.028125 0.055556
0 0.583594 0.586574 0.209896 0.504630
1 0.128385 0.718981 0.026562 0.052778
1 0.826042 0.651852 0.025000 0.046296
1 0.202865 0.751389 0.042188 0.071296
1 0.585677 0.385185 0.033854 0.066667
1 0.387760 0.823611 0.034896 0.069444
1 0.379948 0.892130 0.030729 0.063889
0 0.524740 0.912963 0.268229 0.174074
1 0.036719 0.935185 0.039062 0.061111
1 0.187760 0.915278 0.027604 0.025000
