1 0.691406 0.018056 0.031771 0.034259
1 0.706250 0.055556 0.041667 0.062963
1 0.326823 0.030093 0.029687 0.049074
1 0.691927 0.260648 0.040104 0.060185
0 0.480469 0.260648 0.240104 0.399074
1 0.723177 0.343981 0.035937 0.058333
1 0.771875 0.408796 0.052083 0.084259
1 0.698177 0.443981 0.028646 0.054630
0 0.890885 0.300000 0.218229 0.598148
1 0.068750 0.359259 0.026042 0.074074
1 0.105729 0.267593 0.028125 0.055556
0 0.584115 0.561574 0.209896 0.504630
1 0.124740 0.703241 0.026562 0.052778
1 0.821875 0.639815 0.025000 0.046296
1 0.199740 0.738426 0.042188 0.071296
1 0.582031 0.371296 0.033854 0.066667
1 0.385677 0.806944 0.034896 0.069444
1 0.376823 0.873611 0.030729 0.063889
0 0.519531 0.893056 0.274479 0.213889
1 0.032031 0.922222 0.039062 0.061111
1 0.613021 0.021759 0.059375 0.041667
1 0.182552 0.903241 0.023438 0.034259
