1 0.699740 0.025000 0.031771 0.048148
1 0.689323 0.248611 0.040104 0.060185
0 0.478385 0.238426 0.240104 0.399074
1 0.725260 0.318981 0.035937 0.058333
1 0.767708 0.389352 0.052083 0.084259
1 0.695573 0.429167 0.028646 0.054630
0 0.890885 0.299537 0.218229 0.597222
1 0.066667 0.345370 0.026042 0.074074
1 0.102604 0.247222 0.028125 0.055556
0 0.578906 0.561574 0.209896 0.504630
1 0.120052 0.687500 0.026562 0.052778
1 0.821354 0.618519 0.025000 0.046296
1 0.198177 0.723611 0.042188 0.071296
1 0.580990 0.352778 0.033854 0.066667
1 0.380469 0.788426 0.034896 0.069444
1 0.374219 0.856019 0.030729 0.063889
0 0.544792 0.881019 0.329167 0.237963
1 0.029427 0.902778 0.039062 0.061111
0 0.958594 0.745370 0.082812 0.342593
1 0.179948 0.885648 0.026562 0.034259
