1 0.683594 0.223148 0.040104 0.061111
0 0.474740 0.234722 0.240104 0.399074
1 0.720573 0.303241 0.035937 0.058333
1 0.767188 0.369907 0.052083 0.084259
1 0.695573 0.409722 0.028646 0.054630
0 0.888281 0.281481 0.223438 0.561111
1 0.061979 0.324074 0.026042 0.074074
1 0.097917 0.227315 0.028125 0.056481
0 0.576823 0.528241 0.209896 0.504630
1 0.117969 0.671759 0.026562 0.052778
1 0.817448 0.599537 0.023438 0.047222
1 0.198177 0.723611 0.042188 0.071296
1 0.577344 0.333333 0.033854 0.066667
1 0.380469 0.778241 0.034896 0.069444
1 0.372135 0.837500 0.030729 0.063889
0 0.549479 0.875463 0.346875 0.249074
1 0.027344 0.882407 0.039062 0.061111
0 0.958594 0.737037 0.082812 0.342593
1 0.178906 0.868981 0.032813 0.041667
1 0.320573 0.050926 0.022396 0.046296
