1 0.682031 0.206481 0.040104 0.061111
0 0.472135 0.200000 0.240104 0.398148
1 0.714844 0.280093 0.035937 0.058333
1 0.765104 0.352315 0.052083 0.084259
1 0.690885 0.391204 0.028646 0.054630
0 0.887760 0.260185 0.224479 0.518519
1 0.057292 0.308333 0.026042 0.074074
1 0.095312 0.210648 0.028125 0.056481
0 0.572135 0.503241 0.209896 0.504630
1 0.115365 0.650463 0.026562 0.052778
1 0.817969 0.583796 0.023438 0.047222
1 0.191406 0.686574 0.042188 0.071296
1 0.576823 0.311111 0.033854 0.066667
1 0.376823 0.747685 0.034896 0.069444
1 0.372135 0.817130 0.030729 0.063889
0 0.552344 0.860648 0.344271 0.278704
1 0.025260 0.866667 0.039062 0.061111
0 0.953646 0.737500 0.092708 0.352778
1 0.175781 0.848611 0.032813 0.041667
1 0.312240 0.032407 0.022396 0.046296
