1 0.680469 0.189815 0.040104 0.061111
0 0.469010 0.188889 0.241146 0.375926
1 0.714323 0.271759 0.035937 0.058333
1 0.760938 0.336574 0.052083 0.084259
1 0.690885 0.378241 0.028646 0.054630
0 0.887760 0.259722 0.224479 0.517593
1 0.054688 0.291667 0.026042 0.074074
1 0.091146 0.201389 0.028125 0.056481
0 0.570833 0.488426 0.209375 0.502778
1 0.113281 0.629167 0.026562 0.052778
1 0.815885 0.568056 0.023438 0.047222
1 0.189844 0.671759 0.042188 0.071296
1 0.572135 0.298148 0.033854 0.066667
1 0.374219 0.738426 0.034896 0.069444
1 0.367448 0.811574 0.030729 0.063889
0 0.542969 0.856019 0.344271 0.287963
1 0.019792 0.857407 0.038542 0.061111
0 0.949479 0.707870 0.101042 0.349074
1 0.172135 0.839352 0.032813 0.041667
1 0.311719 0.023611 0.022396 0.045370
