1 0.674219 0.185185 0.040104 0.061111
0 0.463802 0.188426 0.241146 0.375000
1 0.710156 0.262500 0.035937 0.058333
1 0.756250 0.322685 0.052083 0.084259
1 0.685677 0.368056 0.028646 0.054630
0 0.885156 0.256481 0.229687 0.511111
1 0.047396 0.283333 0.026042 0.074074
1 0.084896 0.189352 0.028125 0.056481
0 0.559896 0.481944 0.209375 0.502778
1 0.105990 0.626389 0.026562 0.052778
1 0.810677 0.557870 0.023438 0.047222
1 0.184115 0.659722 0.042188 0.071296
1 0.566927 0.287037 0.033854 0.066667
1 0.369531 0.730093 0.034896 0.069444
1 0.361719 0.796759 0.030729 0.063889
0 0.541927 0.849537 0.347396 0.300926
1 0.019531 0.845370 0.038021 0.061111
0 0.945312 0.681944 0.109375 0.341667
1 0.168490 0.831944 0.032813 0.041667
