0 0.496094 0.311111 0.388021 0.490741
0 0.504687 0.662963 0.230208 0.364815
1 0.110417 0.499537 0.013542 0.045370
1 0.477865 0.848148 0.021354 0.033333
1 0.698958 0.279630 0.028125 0.083333
1 0.239323 0.719907 0.028646 0.069444
1 0.099479 0.289815 0.017708 0.025926
1 0.313542 0.682407 0.014583 0.027778
1 0.560417 0.965741 0.015625 0.044444
1 0.802083 0.509259 0.018750 0.042593
1 0.867708 0.812037 0.029167 0.053704
1 0.622135 0.160185 0.039062 0.042593
1 0.318750 0.066667 0.015625 0.020370
1 0.466146 0.075000 0.016667 0.022222
1 0.679688 0.635185 0.030208 0.062963
