1 0.670052 0.167593 0.040104 0.061111
0 0.454427 0.187963 0.241146 0.374074
1 0.707552 0.240741 0.035937 0.059259
1 0.753646 0.300463 0.052083 0.084259
1 0.682031 0.349537 0.028646 0.054630
0 0.881510 0.243981 0.236979 0.486111
1 0.042708 0.270370 0.026042 0.074074
1 0.079167 0.173611 0.028125 0.056481
0 0.555729 0.459722 0.209375 0.502778
1 0.098177 0.607870 0.026562 0.052778
1 0.807031 0.543056 0.023438 0.047222
1 0.176302 0.648611 0.042188 0.071296
1 0.561719 0.271296 0.033854 0.066667
1 0.361719 0.719907 0.034896 0.069444
1 0.355990 0.782870 0.030729 0.063889
0 0.535677 0.842130 0.352604 0.315741
1 0.012760 0.829167 0.024479 0.065741
0 0.944792 0.650926 0.110417 0.331481
1 0.163281 0.822685 0.032813 0.041667
