1 0.670573 0.149074 0.040104 0.061111
0 0.452344 0.175463 0.246354 0.349074
1 0.702865 0.226852 0.035937 0.059259
1 0.749479 0.289352 0.052083 0.084259
1 0.679948 0.333796 0.028646 0.054630
0 0.880729 0.232407 0.238542 0.462963
1 0.038021 0.246296 0.026042 0.074074
1 0.073958 0.153241 0.028125 0.056481
0 0.554167 0.443981 0.209375 0.502778
1 0.095573 0.589352 0.026562 0.052778
1 0.807031 0.543056 0.023438 0.047222
1 0.174219 0.627315 0.042188 0.071296
1 0.557552 0.254630 0.033854 0.066667
1 0.360156 0.694907 0.034896 0.069444
1 0.351302 0.761574 0.030729 0.063889
0 0.532292 0.827315 0.351042 0.345370
1 0.009375 0.810648 0.017708 0.069444
0 0.944792 0.643519 0.110417 0.331481
1 0.159115 0.801389 0.032813 0.041667
