1 0.668490 0.134259 0.040104 0.061111
0 0.450521 0.168056 0.242708 0.334259
1 0.700781 0.209259 0.035937 0.059259
1 0.746875 0.272685 0.052083 0.084259
1 0.676302 0.319907 0.028646 0.054630
0 0.882031 0.224537 0.235937 0.447222
1 0.036979 0.231944 0.026042 0.075000
1 0.075000 0.137500 0.028125 0.056481
0 0.555208 0.426389 0.209375 0.502778
1 0.096094 0.576389 0.026562 0.052778
1 0.803906 0.509722 0.023438 0.047222
1 0.174219 0.612500 0.042188 0.071296
1 0.558594 0.238889 0.033854 0.066667
1 0.360156 0.678241 0.034896 0.069444
1 0.351302 0.742130 0.030729 0.063889
0 0.528646 0.821296 0.350000 0.357407
0 0.945312 0.643056 0.109375 0.336111
1 0.160156 0.786574 0.032813 0.041667
