1 0.668490 0.116667 0.040104 0.061111
0 0.450521 0.155093 0.244792 0.308333
1 0.700260 0.193519 0.035937 0.059259
1 0.746875 0.252315 0.052083 0.084259
1 0.676823 0.299537 0.028646 0.054630
0 0.880208 0.215278 0.239583 0.428704
1 0.034896 0.220833 0.026042 0.075000
1 0.072396 0.130093 0.028125 0.056481
0 0.555208 0.411574 0.209375 0.502778
1 0.095573 0.562500 0.026562 0.052778
1 0.801302 0.490278 0.023438 0.047222
1 0.171615 0.595833 0.042188 0.071296
1 0.556510 0.218981 0.033854 0.067593
1 0.358594 0.658796 0.034896 0.069444
1 0.350260 0.725463 0.030729 0.063889
0 0.529427 0.812037 0.347396 0.375926
0 0.946354 0.618519 0.107292 0.314815
1 0.158073 0.767130 0.032813 0.041667
