1 0.667448 0.101852 0.040104 0.061111
0 0.445052 0.148611 0.245312 0.295370
1 0.698177 0.180556 0.035937 0.059259
1 0.746875 0.240741 0.052083 0.085185
1 0.676823 0.299537 0.028646 0.054630
0 0.880208 0.214815 0.239583 0.427778
1 0.034896 0.207870 0.026042 0.075000
1 0.070312 0.112500 0.028125 0.056481
0 0.556250 0.392130 0.209375 0.502778
1 0.093490 0.541204 0.026562 0.052778
1 0.801302 0.473611 0.023438 0.047222
1 0.172135 0.580093 0.042188 0.071296
1 0.555469 0.205093 0.033854 0.067593
1 0.356510 0.645833 0.034896 0.069444
1 0.347656 0.711574 0.030729 0.063889
0 0.528646 0.803241 0.342708 0.393519
0 0.946354 0.602778 0.107292 0.314815
1 0.158073 0.755093 0.032813 0.041667
