1 0.664323 0.093519 0.040104 0.061111
0 0.446094 0.143056 0.241146 0.284259
1 0.697135 0.163889 0.035937 0.059259
1 0.742188 0.231481 0.052083 0.085185
1 0.673177 0.273611 0.028646 0.054630
0 0.879427 0.200926 0.241146 0.400000
1 0.032813 0.195833 0.026042 0.075000
1 0.070312 0.104167 0.028125 0.056481
0 0.551042 0.381944 0.209375 0.502778
1 0.091406 0.531944 0.026562 0.052778
1 0.796615 0.459722 0.023438 0.047222
1 0.172656 0.567130 0.042188 0.071296
1 0.552344 0.196759 0.033854 0.067593
1 0.354427 0.631019 0.034896 0.069444
1 0.348177 0.699537 0.030729 0.063889
0 0.523958 0.798148 0.340625 0.403704
0 0.939583 0.593519 0.120833 0.324074
1 0.157031 0.739352 0.032813 0.041667
