1 0.658073 0.084259 0.040104 0.061111
0 0.441406 0.142593 0.241146 0.283333
1 0.690365 0.159259 0.035937 0.059259
1 0.735938 0.222222 0.052083 0.085185
1 0.667969 0.267130 0.028646 0.054630
0 0.877083 0.192593 0.245833 0.383333
1 0.031771 0.184722 0.026042 0.075000
1 0.067708 0.089815 0.028125 0.048148
0 0.547917 0.377315 0.209375 0.502778
1 0.089844 0.518981 0.026562 0.052778
1 0.791927 0.452315 0.023438 0.047222
1 0.167969 0.558796 0.042188 0.071296
1 0.549740 0.187500 0.033854 0.067593
1 0.352344 0.618056 0.034896 0.069444
1 0.343490 0.687500 0.030729 0.063889
0 0.520312 0.788889 0.338542 0.422222
0 0.939583 0.579630 0.120833 0.324074
1 0.150781 0.727315 0.032813 0.041667
1 0.703125 0.966667 0.048958 0.066667
1 0.815625 0.972685 0.033333 0.054630
