1 0.654948 0.074074 0.040104 0.061111
0 0.436719 0.137500 0.245312 0.273148
1 0.687240 0.145370 0.035937 0.059259
1 0.735417 0.207407 0.052083 0.085185
1 0.663281 0.255093 0.028646 0.054630
0 0.874740 0.186574 0.250521 0.371296
1 0.028125 0.177315 0.026042 0.075000
1 0.066667 0.078704 0.028125 0.048148
0 0.543229 0.371759 0.209375 0.502778
1 0.085156 0.509722 0.026562 0.052778
1 0.791927 0.452315 0.023438 0.047222
1 0.165885 0.546759 0.042188 0.071296
1 0.545052 0.172685 0.033854 0.067593
1 0.347656 0.609722 0.034896 0.069444
1 0.342969 0.679167 0.030729 0.063889
0 0.515104 0.779167 0.336458 0.441667
0 0.939583 0.562963 0.120833 0.324074
1 0.148698 0.712500 0.032813 0.041667
1 0.697656 0.961111 0.047396 0.077778
1 0.811458 0.969907 0.033333 0.060185
