1 0.651302 0.053704 0.040104 0.061111
0 0.391667 0.175463 0.152083 0.195370
1 0.683594 0.122222 0.035937 0.059259
1 0.732812 0.191667 0.052083 0.085185
1 0.660156 0.237500 0.028646 0.054630
0 0.876042 0.179630 0.247917 0.357407
1 0.025000 0.162500 0.026042 0.075000
1 0.061979 0.066667 0.028125 0.048148
0 0.540625 0.342130 0.209375 0.502778
1 0.083594 0.493056 0.026562 0.052778
1 0.786719 0.427315 0.023438 0.047222
1 0.161719 0.530093 0.042188 0.071296
1 0.545052 0.172685 0.033854 0.067593
1 0.345052 0.592130 0.034896 0.069444
1 0.338802 0.653241 0.030729 0.063889
0 0.511458 0.769907 0.345833 0.460185
0 0.939583 0.547222 0.120833 0.324074
1 0.149219 0.700463 0.032813 0.041667
1 0.696615 0.950463 0.048438 0.099074
1 0.810937 0.951389 0.033333 0.060185
1 0.461719 0.964352 0.028646 0.071296
