1 0.651302 0.038889 0.040104 0.061111
0 0.389583 0.151389 0.152083 0.195370
1 0.684115 0.105556 0.035937 0.059259
1 0.728646 0.168056 0.060417 0.089815
1 0.662240 0.213889 0.028646 0.055556
0 0.874479 0.177778 0.251042 0.353704
1 0.025521 0.143056 0.026042 0.075000
1 0.063021 0.047222 0.028125 0.048148
0 0.536979 0.320833 0.209375 0.502778
1 0.082552 0.473611 0.026562 0.052778
1 0.784635 0.406944 0.023438 0.047222
1 0.161198 0.505093 0.042188 0.071296
1 0.542448 0.139352 0.033854 0.067593
1 0.346094 0.568981 0.034896 0.069444
1 0.340365 0.632870 0.030729 0.063889
0 0.513802 0.765741 0.342187 0.468519
0 0.939583 0.529630 0.120833 0.324074
1 0.147135 0.675463 0.032813 0.041667
1 0.695833 0.922685 0.047917 0.097222
1 0.806771 0.925463 0.033333 0.060185
1 0.460677 0.943981 0.028646 0.071296
