0 0.504427 0.326852 0.390104 0.472222
0 0.510417 0.690741 0.237500 0.381481
1 0.104948 0.317130 0.015104 0.026852
1 0.118229 0.524537 0.012500 0.043519
1 0.244531 0.745370 0.024479 0.072222
1 0.173958 0.872222 0.030208 0.046296
1 0.484635 0.872685 0.018229 0.032407
1 0.114323 0.798611 0.019271 0.037963
1 0.470052 0.100926 0.016146 0.024074
1 0.703125 0.302778 0.026042 0.079630
1 0.683594 0.665278 0.031771 0.071296
1 0.871875 0.836574 0.029167 0.045370
1 0.805990 0.532407 0.021354 0.050000
1 0.922917 0.940278 0.018750 0.023148
1 0.916927 0.629167 0.011979 0.026852
1 0.625521 0.185185 0.038542 0.042593
