0 0.389062 0.126389 0.152083 0.195370
1 0.683073 0.088889 0.035937 0.059259
1 0.729688 0.149537 0.060417 0.089815
1 0.662240 0.213889 0.028646 0.055556
0 0.870052 0.161574 0.259896 0.321296
1 0.022917 0.123611 0.026042 0.075000
1 0.063021 0.024537 0.028125 0.047222
0 0.531250 0.293981 0.209375 0.502778
1 0.079427 0.445833 0.026562 0.052778
1 0.785677 0.383796 0.023438 0.047222
1 0.156510 0.483796 0.042188 0.071296
1 0.539844 0.112500 0.033854 0.067593
1 0.341406 0.556944 0.034896 0.069444
1 0.337760 0.610648 0.030729 0.063889
0 0.509896 0.754167 0.346875 0.491667
0 0.939583 0.501852 0.120833 0.324074
1 0.146094 0.654167 0.032813 0.041667
1 0.694792 0.905093 0.047917 0.097222
1 0.807813 0.903241 0.033333 0.060185
1 0.460677 0.916204 0.028646 0.071296
