0 0.384375 0.100463 0.152083 0.195370
1 0.680990 0.056481 0.035937 0.059259
1 0.728125 0.128241 0.060417 0.089815
1 0.657552 0.174074 0.028646 0.055556
0 0.870052 0.151389 0.259896 0.300926
1 0.021354 0.093056 0.026042 0.075000
0 0.531250 0.269907 0.209375 0.502778
1 0.075260 0.424537 0.026562 0.052778
1 0.784115 0.359722 0.023438 0.047222
1 0.155469 0.459722 0.042188 0.071296
1 0.537240 0.091204 0.033854 0.067593
1 0.339323 0.527315 0.034896 0.069444
1 0.333073 0.590278 0.030729 0.063889
0 0.512240 0.738889 0.345313 0.522222
0 0.939583 0.473148 0.120833 0.324074
1 0.141406 0.633796 0.032813 0.041667
1 0.688542 0.882870 0.047917 0.097222
1 0.807813 0.886574 0.033333 0.060185
1 0.456510 0.898611 0.028646 0.071296
