0 0.382292 0.085648 0.155208 0.169444
1 0.677865 0.047222 0.035937 0.059259
1 0.728125 0.111574 0.060417 0.089815
1 0.658073 0.158333 0.028646 0.055556
0 0.873177 0.142130 0.253646 0.282407
1 0.016667 0.071759 0.026042 0.075000
0 0.528646 0.255093 0.209375 0.502778
1 0.075781 0.407870 0.026562 0.052778
1 0.783594 0.343056 0.023438 0.047222
1 0.150260 0.443056 0.042188 0.071296
1 0.536198 0.076389 0.033854 0.067593
1 0.337760 0.510648 0.034896 0.069444
1 0.332552 0.573611 0.030729 0.063889
0 0.510938 0.625463 0.341667 0.317593
0 0.939583 0.456481 0.120833 0.324074
1 0.139323 0.618981 0.032813 0.041667
1 0.691146 0.870833 0.047917 0.097222
1 0.807813 0.872685 0.033333 0.060185
0 0.945833 0.816204 0.108333 0.367593
0 0.453125 0.872685 0.344792 0.254630
1 0.456510 0.882870 0.024479 0.073148
