0 0.379688 0.080556 0.151042 0.159259
1 0.680990 0.037963 0.035937 0.059259
1 0.728646 0.095833 0.060417 0.089815
1 0.655990 0.148148 0.028646 0.055556
0 0.872917 0.132407 0.254167 0.262963
1 0.017188 0.058796 0.026042 0.075000
0 0.540104 0.251852 0.209375 0.501852
1 0.075781 0.395833 0.026562 0.052778
1 0.782552 0.331019 0.023438 0.047222
1 0.151302 0.429167 0.042188 0.071296
1 0.536198 0.060648 0.033854 0.067593
1 0.338281 0.502315 0.034896 0.069444
1 0.333073 0.561574 0.030729 0.063889
0 0.514062 0.613426 0.341667 0.317593
0 0.939583 0.445370 0.120833 0.324074
1 0.138281 0.601389 0.032813 0.041667
1 0.694271 0.857870 0.047917 0.097222
1 0.808333 0.862500 0.033333 0.060185
0 0.946354 0.809722 0.107292 0.380556
0 0.456771 0.872685 0.344792 0.254630
1 0.456510 0.873611 0.024479 0.073148
