0 0.375000 0.080093 0.151042 0.158333
1 0.680990 0.030556 0.035937 0.059259
1 0.727604 0.095833 0.060417 0.089815
1 0.658594 0.138889 0.028646 0.055556
0 0.872917 0.131944 0.254167 0.262037
1 0.016146 0.052315 0.026042 0.075000
1 0.075260 0.389352 0.026562 0.052778
1 0.784635 0.325463 0.023438 0.047222
1 0.152865 0.427315 0.042188 0.071296
1 0.536719 0.056019 0.033854 0.067593
1 0.338281 0.494907 0.034896 0.069444
1 0.330990 0.558796 0.030729 0.063889
0 0.510417 0.604167 0.341667 0.317593
0 0.939583 0.447222 0.120833 0.324074
1 0.139844 0.600463 0.032813 0.041667
1 0.691667 0.851389 0.047917 0.097222
1 0.807813 0.857870 0.033333 0.060185
0 0.945573 0.808333 0.108854 0.383333
0 0.455469 0.865741 0.345313 0.268519
1 0.458073 0.862500 0.024479 0.073148
0 0.532031 0.233333 0.197396 0.464815
