0 0.376042 0.070833 0.147917 0.139815
1 0.681510 0.022222 0.034896 0.042593
1 0.725521 0.081944 0.060417 0.089815
1 0.659115 0.129630 0.028646 0.055556
0 0.872917 0.131481 0.254167 0.261111
1 0.015104 0.040278 0.026042 0.075000
1 0.074219 0.376389 0.026562 0.052778
1 0.784635 0.317130 0.023438 0.047222
1 0.152865 0.415278 0.042188 0.071296
1 0.338281 0.482870 0.034896 0.069444
1 0.329948 0.546759 0.030729 0.063889
0 0.509896 0.590278 0.341667 0.317593
0 0.939583 0.433333 0.120833 0.324074
1 0.139844 0.592130 0.032813 0.041667
1 0.691667 0.843981 0.047917 0.097222
1 0.807813 0.847685 0.033333 0.060185
0 0.944010 0.802778 0.111979 0.394444
0 0.454167 0.859722 0.343750 0.280556
1 0.454427 0.856019 0.024479 0.073148
0 0.528385 0.226389 0.201563 0.450926
1 0.066927 0.972685 0.022396 0.054630
1 0.536719 0.045833 0.034896 0.073148
