0 0.376042 0.059722 0.147917 0.117593
1 0.722396 0.064352 0.060417 0.089815
1 0.653385 0.115741 0.028646 0.055556
0 0.870573 0.125000 0.258854 0.248148
1 0.070052 0.357870 0.026562 0.052778
1 0.780469 0.306019 0.023438 0.047222
1 0.150260 0.395833 0.042188 0.071296
1 0.336719 0.466204 0.034896 0.069444
1 0.327344 0.528241 0.030729 0.063889
0 0.504167 0.568056 0.341667 0.317593
0 0.936979 0.416204 0.126042 0.325000
1 0.134635 0.568056 0.032813 0.041667
1 0.689063 0.825463 0.047917 0.097222
1 0.803646 0.827315 0.033333 0.060185
0 0.941927 0.771296 0.116146 0.370370
0 0.447135 0.852778 0.343229 0.294444
1 0.452865 0.838426 0.024479 0.073148
0 0.526823 0.225926 0.201563 0.450000
1 0.062240 0.958796 0.022396 0.054630
1 0.533073 0.031019 0.034896 0.060185
1 0.865365 0.979167 0.040104 0.041667
