1 0.721875 0.048611 0.060417 0.089815
1 0.650781 0.099074 0.028646 0.055556
0 0.869010 0.119444 0.261979 0.237037
1 0.065885 0.337500 0.026562 0.052778
1 0.777865 0.283796 0.023438 0.047222
1 0.147656 0.379167 0.042188 0.071296
1 0.332031 0.444907 0.034896 0.069444
1 0.324740 0.507870 0.030729 0.063889
0 0.501563 0.554167 0.341667 0.317593
0 0.936979 0.393056 0.126042 0.325000
1 0.132552 0.555093 0.032813 0.041667
1 0.683333 0.808796 0.047917 0.097222
1 0.797917 0.810648 0.033333 0.060185
0 0.941927 0.747222 0.116146 0.370370
0 0.448177 0.838889 0.350521 0.322222
1 0.447135 0.821759 0.024479 0.073148
0 0.520833 0.211111 0.201042 0.420370
1 0.060156 0.935648 0.022396 0.054630
1 0.863281 0.963889 0.040104 0.053704
