1 0.718229 0.037500 0.058333 0.073148
1 0.646615 0.075926 0.028646 0.055556
0 0.866146 0.102315 0.262500 0.202778
1 0.062240 0.314352 0.026562 0.052778
1 0.775260 0.265278 0.023438 0.047222
1 0.142969 0.352315 0.042188 0.071296
1 0.330990 0.424537 0.034896 0.069444
1 0.321094 0.477315 0.030729 0.063889
0 0.502083 0.531944 0.341667 0.317593
0 0.932813 0.371296 0.134375 0.320370
1 0.125781 0.523611 0.032813 0.041667
1 0.678646 0.781019 0.047917 0.097222
1 0.794792 0.790278 0.033333 0.060185
0 0.941927 0.728704 0.116146 0.370370
0 0.443490 0.824537 0.354687 0.350926
1 0.440885 0.800463 0.024479 0.073148
0 0.522656 0.196759 0.205729 0.391667
1 0.055990 0.915278 0.022396 0.054630
1 0.858073 0.946296 0.040104 0.053704
