1 0.709635 0.026389 0.057813 0.050926
1 0.645573 0.061111 0.028646 0.055556
0 0.865885 0.096759 0.268229 0.191667
1 0.059635 0.294907 0.026562 0.052778
1 0.770573 0.248611 0.023438 0.047222
1 0.139323 0.328241 0.042188 0.071296
1 0.323177 0.405093 0.034896 0.069444
1 0.319010 0.463426 0.030729 0.063889
0 0.492448 0.506944 0.339062 0.308333
0 0.930990 0.375926 0.138021 0.303704
1 0.125781 0.499537 0.032813 0.041667
1 0.678125 0.764352 0.047917 0.097222
1 0.791146 0.770833 0.033333 0.060185
0 0.934896 0.697222 0.130208 0.387037
0 0.440104 0.816204 0.352083 0.367593
1 0.440365 0.774537 0.024479 0.073148
0 0.516406 0.183796 0.201563 0.365741
1 0.052865 0.887500 0.022396 0.054630
1 0.855469 0.925000 0.040104 0.053704
