0 0.507292 0.348611 0.386458 0.463889
0 0.516927 0.718519 0.234896 0.359259
1 0.012240 0.247685 0.020313 0.032407
1 0.122656 0.548611 0.017188 0.037963
1 0.251823 0.765741 0.027604 0.066667
1 0.326042 0.730093 0.013542 0.030556
1 0.109896 0.337963 0.015625 0.027778
1 0.475260 0.122222 0.019271 0.027778
1 0.181250 0.895833 0.031250 0.049074
1 0.492188 0.893056 0.019792 0.030556
1 0.706771 0.328704 0.033333 0.079630
1 0.632292 0.206481 0.040625 0.042593
1 0.691667 0.683796 0.033333 0.071296
1 0.878125 0.856481 0.029167 0.053704
