1 0.642448 0.046296 0.028646 0.055556
0 0.862760 0.090278 0.274479 0.178704
1 0.055469 0.274537 0.026562 0.052778
1 0.766927 0.228704 0.023438 0.048148
1 0.135156 0.312500 0.042188 0.071296
1 0.321094 0.382870 0.034896 0.069444
1 0.313281 0.445833 0.030729 0.063889
0 0.488281 0.482870 0.339062 0.308333
0 0.930990 0.353704 0.138021 0.303704
1 0.125260 0.483796 0.032813 0.041667
1 0.670312 0.750463 0.047917 0.097222
1 0.784375 0.755093 0.033333 0.060185
0 0.934896 0.680556 0.130208 0.387037
0 0.430990 0.810185 0.347396 0.379630
1 0.436198 0.753241 0.024479 0.073148
0 0.512760 0.177778 0.201563 0.353704
1 0.048698 0.868981 0.022396 0.054630
1 0.846615 0.907407 0.040104 0.053704
