1 0.643750 0.026389 0.031250 0.050926
0 0.861719 0.081481 0.276562 0.161111
1 0.055469 0.244907 0.026562 0.052778
1 0.766927 0.208333 0.023438 0.048148
1 0.134635 0.286574 0.042188 0.071296
1 0.321615 0.357870 0.034896 0.069444
1 0.312760 0.417130 0.030729 0.063889
0 0.489844 0.461574 0.339062 0.308333
0 0.927865 0.328241 0.144271 0.312037
1 0.122135 0.459722 0.032813 0.041667
1 0.670833 0.720833 0.047917 0.097222
1 0.785937 0.731019 0.033333 0.060185
0 0.929167 0.658796 0.141667 0.380556
0 0.429688 0.793981 0.340625 0.412037
1 0.436198 0.731944 0.024479 0.073148
0 0.514323 0.158796 0.200521 0.315741
1 0.049219 0.841204 0.022396 0.054630
1 0.844531 0.887963 0.040104 0.053704
