0 0.862240 0.067130 0.275521 0.132407
1 0.059635 0.214815 0.026562 0.053704
1 0.768490 0.188889 0.023438 0.048148
1 0.135156 0.256944 0.042188 0.071296
1 0.322656 0.331944 0.034896 0.069444
1 0.315365 0.391204 0.030729 0.063889
0 0.488281 0.431019 0.339062 0.308333
0 0.927865 0.300463 0.144271 0.312037
1 0.123698 0.430093 0.032813 0.041667
1 0.668750 0.693981 0.047917 0.097222
1 0.785937 0.706944 0.033333 0.060185
0 0.929167 0.628241 0.141667 0.380556
0 0.432292 0.779167 0.338542 0.441667
1 0.436198 0.706944 0.024479 0.073148
0 0.515365 0.150463 0.201563 0.299074
1 0.049219 0.809722 0.022396 0.054630
1 0.844531 0.860185 0.040104 0.053704
0 0.955729 0.902778 0.088542 0.194444
