1 0.059115 0.179630 0.026562 0.053704
1 0.771094 0.159259 0.023438 0.048148
1 0.135156 0.223148 0.042188 0.072222
1 0.322656 0.302315 0.034896 0.069444
1 0.315365 0.356944 0.030729 0.063889
0 0.495052 0.406019 0.339062 0.308333
0 0.927083 0.273611 0.142708 0.328704
1 0.124740 0.397685 0.032813 0.041667
1 0.669792 0.663426 0.047917 0.097222
1 0.783854 0.670833 0.033333 0.060185
0 0.929167 0.614352 0.141667 0.380556
0 0.435677 0.765278 0.343229 0.469444
1 0.437760 0.676389 0.024479 0.073148
0 0.518490 0.139352 0.200521 0.276852
1 0.054948 0.772685 0.022396 0.054630
1 0.844531 0.829630 0.040104 0.053704
0 0.955990 0.897222 0.088021 0.205556
