1 0.067187 0.146296 0.027083 0.053704
1 0.776302 0.128704 0.023438 0.048148
1 0.139844 0.189815 0.042188 0.072222
1 0.330469 0.269907 0.034896 0.069444
1 0.324219 0.319907 0.030729 0.063889
0 0.499740 0.374537 0.339062 0.308333
0 0.928646 0.243981 0.142708 0.328704
1 0.133073 0.356944 0.032813 0.041667
1 0.672917 0.634722 0.047917 0.097222
1 0.789062 0.645833 0.033333 0.060185
0 0.929167 0.582870 0.141667 0.380556
0 0.435417 0.744907 0.333333 0.510185
1 0.441406 0.642130 0.024479 0.073148
0 0.521354 0.114815 0.197917 0.227778
1 0.056510 0.735648 0.022396 0.054630
1 0.848698 0.805556 0.040104 0.053704
0 0.955208 0.881481 0.089583 0.237037
1 0.787760 0.935185 0.049479 0.118519
