1 0.074479 0.111111 0.027083 0.053704
1 0.776302 0.128704 0.023438 0.048148
1 0.146094 0.154630 0.042188 0.072222
1 0.335156 0.233333 0.034896 0.070370
1 0.328385 0.294907 0.030729 0.063889
0 0.501823 0.341204 0.339062 0.308333
0 0.928646 0.205093 0.142708 0.328704
1 0.136198 0.326389 0.032813 0.041667
1 0.680208 0.612500 0.047917 0.097222
1 0.795312 0.609722 0.033333 0.060185
0 0.929167 0.549537 0.141667 0.380556
0 0.446094 0.728704 0.340104 0.542593
1 0.446615 0.608796 0.024479 0.073148
0 0.526563 0.100000 0.194792 0.198148
1 0.064844 0.694907 0.022396 0.054630
1 0.848698 0.775926 0.040104 0.053704
0 0.946094 0.868981 0.107813 0.262037
1 0.791927 0.907407 0.049479 0.118519
