1 0.082292 0.078704 0.027083 0.053704
1 0.786719 0.086111 0.023438 0.048148
1 0.158073 0.124074 0.042188 0.072222
1 0.342448 0.207870 0.034896 0.071296
1 0.333073 0.269907 0.030729 0.063889
0 0.512760 0.318981 0.339062 0.308333
0 0.928646 0.196759 0.142708 0.328704
1 0.145052 0.297685 0.032813 0.041667
1 0.683333 0.582870 0.047917 0.097222
1 0.795312 0.596759 0.033333 0.060185
0 0.929167 0.536574 0.141667 0.380556
0 0.446354 0.712037 0.336458 0.575926
1 0.450260 0.587500 0.024479 0.073148
0 0.532552 0.087037 0.190104 0.172222
1 0.069010 0.669907 0.022396 0.054630
1 0.852865 0.759259 0.040104 0.053704
0 0.947135 0.859259 0.105729 0.281481
1 0.794010 0.883333 0.049479 0.118519
1 0.416406 0.972685 0.027604 0.054630
