1 0.092708 0.056481 0.027083 0.053704
1 0.791927 0.076852 0.023438 0.048148
1 0.171615 0.101852 0.042188 0.072222
1 0.350781 0.189352 0.034896 0.071296
1 0.343490 0.247685 0.030729 0.063889
0 0.514844 0.298611 0.339062 0.308333
0 0.928646 0.188426 0.142708 0.328704
1 0.153906 0.268981 0.032813 0.041667
1 0.687500 0.570833 0.047917 0.097222
1 0.795312 0.596759 0.033333 0.060185
0 0.929167 0.531944 0.141667 0.380556
0 0.454427 0.660185 0.339062 0.516667
1 0.457031 0.562500 0.024479 0.073148
0 0.540104 0.078704 0.187500 0.155556
1 0.078385 0.634722 0.022396 0.054630
1 0.852865 0.759259 0.040104 0.053704
0 0.946615 0.854630 0.106771 0.290741
1 0.796094 0.877778 0.049479 0.118519
1 0.419010 0.950463 0.027604 0.054630
1 0.012500 0.804167 0.023958 0.073148
1 0.477604 0.909722 0.068750 0.110185
