1 0.101042 0.028704 0.027083 0.053704
1 0.802344 0.051852 0.023438 0.048148
1 0.172135 0.075926 0.042188 0.072222
1 0.354427 0.168056 0.034896 0.071296
1 0.348698 0.222222 0.030729 0.064815
0 0.524219 0.274537 0.339062 0.308333
0 0.928646 0.164815 0.142708 0.327778
1 0.153906 0.268981 0.032813 0.041667
1 0.691146 0.545833 0.047917 0.097222
1 0.804688 0.568056 0.033333 0.060185
0 0.929167 0.501389 0.141667 0.380556
0 0.461198 0.638889 0.339062 0.516667
1 0.459635 0.533333 0.021354 0.059259
0 0.521875 0.062500 0.141667 0.123148
1 0.081510 0.608796 0.022396 0.054630
1 0.859115 0.723148 0.040104 0.053704
0 0.930208 0.846296 0.139583 0.307407
1 0.796094 0.856481 0.049479 0.118519
1 0.420573 0.922685 0.027604 0.054630
1 0.014583 0.771759 0.023958 0.073148
1 0.477083 0.889352 0.068750 0.110185
1 0.600000 0.400926 0.032292 0.075926
