1 0.804427 0.041667 0.023438 0.048148
1 0.173177 0.043519 0.042188 0.072222
1 0.359115 0.136574 0.034896 0.071296
1 0.353385 0.191667 0.030729 0.064815
0 0.521615 0.241204 0.339062 0.308333
0 0.944010 0.154630 0.111979 0.307407
1 0.160677 0.213889 0.032813 0.042593
1 0.691146 0.522685 0.047917 0.097222
1 0.806250 0.543056 0.033333 0.060185
0 0.933854 0.505093 0.132292 0.358333
0 0.461198 0.609259 0.339062 0.516667
0 0.529167 0.052315 0.141667 0.102778
1 0.083073 0.571759 0.022396 0.054630
1 0.858073 0.705556 0.040104 0.053704
0 0.930469 0.836111 0.139063 0.327778
1 0.794531 0.827778 0.049479 0.118519
1 0.418490 0.896759 0.027604 0.054630
1 0.014583 0.731019 0.028125 0.060185
1 0.476562 0.857870 0.068750 0.110185
1 0.600000 0.390741 0.032292 0.075926
