1 0.721094 0.314815 0.041146 0.072222
0 0.425521 0.327315 0.242708 0.480556
0 0.449479 0.677315 0.308333 0.399074
1 0.681250 0.448148 0.032292 0.066667
1 0.851562 0.167593 0.032292 0.050000
1 0.286198 0.950463 0.043229 0.076852
1 0.685677 0.679630 0.036979 0.096296
1 0.639062 0.393519 0.041667 0.079630
1 0.799479 0.937037 0.017708 0.033333
1 0.791667 0.818519 0.026042 0.059259
1 0.854688 0.268056 0.027083 0.062037
1 0.720052 0.762037 0.026562 0.044444
1 0.090885 0.306019 0.033854 0.056481
1 0.064062 0.950463 0.027083 0.060185
1 0.203906 0.778241 0.033854 0.069444
1 0.382812 0.282407 0.039583 0.048148
1 0.430208 0.140278 0.044792 0.045370
1 0.632812 0.538889 0.046875 0.092593
