1 0.820833 0.566204 0.023958 0.049074
1 0.021354 0.263426 0.020833 0.030556
0 0.518490 0.371759 0.386979 0.484259
0 0.528125 0.729630 0.231250 0.375926
1 0.702083 0.695370 0.029167 0.062963
1 0.133594 0.565278 0.014063 0.045370
1 0.016146 0.560185 0.015625 0.048148
1 0.119531 0.356019 0.015104 0.025000
1 0.263021 0.781944 0.026042 0.069444
1 0.070312 0.795833 0.012500 0.026852
1 0.500781 0.906481 0.017188 0.031481
1 0.285677 0.871759 0.016146 0.050926
1 0.191927 0.910648 0.032813 0.045370
1 0.335156 0.746296 0.016146 0.029630
1 0.886198 0.869907 0.028646 0.050926
1 0.714583 0.342130 0.033333 0.075000
1 0.639583 0.221296 0.042708 0.044444
1 0.741667 0.061574 0.028125 0.073148
1 0.930208 0.662037 0.012500 0.029630
1 0.483333 0.139352 0.019792 0.028704
