1 0.808073 0.015278 0.022396 0.028704
1 0.177604 0.020833 0.038542 0.039815
1 0.360156 0.099537 0.034896 0.071296
1 0.353385 0.160185 0.030729 0.064815
0 0.525781 0.213889 0.339062 0.309259
0 0.944531 0.142593 0.110937 0.283333
1 0.164844 0.175926 0.032813 0.042593
1 0.690625 0.501389 0.047917 0.097222
1 0.806250 0.522685 0.033333 0.060185
0 0.933854 0.476389 0.132292 0.358333
0 0.462760 0.564815 0.339062 0.516667
1 0.081510 0.539352 0.022396 0.054630
1 0.857031 0.682407 0.040104 0.053704
0 0.929167 0.824074 0.141667 0.351852
1 0.794531 0.827778 0.049479 0.118519
1 0.416406 0.867130 0.027604 0.054630
1 0.014323 0.693981 0.027604 0.060185
1 0.475521 0.828241 0.068750 0.110185
1 0.603646 0.337963 0.032292 0.075926
1 0.366406 0.953704 0.045312 0.092593
