1 0.359635 0.074537 0.034896 0.071296
1 0.352865 0.126852 0.030729 0.064815
0 0.525781 0.188889 0.339062 0.309259
0 0.944010 0.138426 0.111979 0.275000
1 0.160156 0.143519 0.032813 0.042593
1 0.690625 0.481019 0.047917 0.097222
1 0.803125 0.501389 0.033333 0.060185
0 0.933854 0.459722 0.132292 0.358333
0 0.455469 0.537963 0.339062 0.516667
1 0.077344 0.506019 0.022396 0.054630
1 0.852344 0.665741 0.040104 0.053704
0 0.926562 0.822685 0.145833 0.354630
1 0.791927 0.793519 0.049479 0.118519
1 0.411198 0.842130 0.027604 0.054630
1 0.010156 0.662500 0.019271 0.062037
1 0.472917 0.805093 0.068750 0.110185
1 0.603125 0.322222 0.032292 0.075926
1 0.362240 0.932407 0.045312 0.092593
