1 0.357031 0.057870 0.034896 0.071296
1 0.351302 0.108333 0.030729 0.064815
0 0.523698 0.171296 0.339062 0.309259
0 0.942187 0.134722 0.115625 0.267593
1 0.159115 0.127778 0.032813 0.042593
1 0.687500 0.464352 0.047917 0.097222
1 0.798958 0.492130 0.033333 0.060185
0 0.933854 0.446759 0.132292 0.358333
0 0.454948 0.522222 0.339062 0.516667
1 0.074740 0.484722 0.022396 0.054630
1 0.847656 0.654630 0.040104 0.053704
0 0.923698 0.815741 0.151562 0.368519
1 0.785677 0.782407 0.049479 0.118519
1 0.407031 0.829167 0.027604 0.054630
1 0.465104 0.788426 0.068750 0.110185
1 0.601562 0.302778 0.032292 0.075926
1 0.358594 0.913889 0.045312 0.092593
