1 0.354948 0.046759 0.034896 0.071296
1 0.348698 0.086111 0.030729 0.064815
0 0.517969 0.155093 0.339062 0.308333
0 0.938802 0.127778 0.122396 0.253704
1 0.158594 0.113889 0.032813 0.042593
1 0.682292 0.445833 0.047917 0.097222
1 0.795312 0.475463 0.033333 0.060185
0 0.933854 0.422685 0.132292 0.358333
0 0.452865 0.502778 0.339062 0.516667
1 0.072135 0.461574 0.022396 0.054630
1 0.845052 0.642593 0.040104 0.053704
1 0.782552 0.760185 0.049479 0.118519
1 0.403385 0.810648 0.027604 0.054630
1 0.461979 0.769907 0.068750 0.110185
1 0.595833 0.290741 0.032292 0.075926
1 0.354427 0.895370 0.045312 0.092593
0 0.921094 0.801389 0.157812 0.397222
1 0.838281 0.918519 0.026562 0.040741
