1 0.353646 0.027315 0.031250 0.052778
1 0.344010 0.069444 0.030729 0.064815
0 0.515365 0.143981 0.330729 0.286111
0 0.938542 0.117593 0.122917 0.233333
1 0.151302 0.090741 0.032813 0.042593
1 0.678646 0.433796 0.047917 0.097222
1 0.793750 0.451389 0.042708 0.056481
0 0.933854 0.411574 0.132292 0.369444
0 0.448177 0.480556 0.339062 0.516667
1 0.067448 0.443056 0.022396 0.054630
1 0.837240 0.621296 0.040104 0.053704
1 0.775781 0.741667 0.049479 0.118519
1 0.397135 0.784722 0.027604 0.054630
1 0.454167 0.744907 0.068750 0.110185
1 0.593750 0.270370 0.032292 0.075926
1 0.349740 0.872222 0.045312 0.092593
0 0.919271 0.798148 0.161458 0.403704
1 0.835156 0.904630 0.026562 0.040741
