1 0.337240 0.045370 0.030729 0.064815
0 0.510417 0.133333 0.329167 0.264815
1 0.146615 0.060185 0.032813 0.042593
1 0.671354 0.410648 0.047917 0.097222
1 0.792188 0.440278 0.042708 0.056481
0 0.930990 0.397685 0.138021 0.362037
0 0.437760 0.466667 0.339062 0.516667
1 0.061198 0.417130 0.022396 0.054630
1 0.836198 0.605556 0.040104 0.053704
1 0.775781 0.741667 0.049479 0.118519
1 0.388802 0.766204 0.027604 0.054630
1 0.450521 0.718056 0.068750 0.110185
1 0.589063 0.249074 0.032292 0.075926
1 0.341927 0.850926 0.045312 0.092593
0 0.915625 0.788889 0.168750 0.422222
1 0.830990 0.887037 0.026562 0.040741
0 0.938281 0.110648 0.123438 0.219444
