1 0.335677 0.032870 0.030729 0.063889
0 0.507812 0.119907 0.334375 0.237963
1 0.143490 0.039815 0.032813 0.042593
1 0.672396 0.392130 0.047917 0.097222
1 0.790104 0.416204 0.042708 0.056481
0 0.931510 0.374074 0.136979 0.374074
0 0.436719 0.437037 0.339062 0.516667
1 0.057031 0.387500 0.022396 0.054630
1 0.834635 0.585185 0.040104 0.053704
1 0.770573 0.705556 0.049479 0.118519
1 0.388281 0.740278 0.027604 0.054630
1 0.450521 0.702315 0.068750 0.110185
1 0.586979 0.227778 0.032292 0.075926
1 0.337240 0.831481 0.045312 0.092593
0 0.915625 0.778241 0.168750 0.443519
1 0.827344 0.870370 0.026562 0.040741
0 0.936979 0.094444 0.126042 0.187037
