0 0.520573 0.110185 0.303646 0.218519
1 0.141406 0.021759 0.032813 0.041667
1 0.669271 0.370833 0.047917 0.097222
1 0.788021 0.398611 0.042708 0.056481
0 0.931510 0.355556 0.136979 0.374074
0 0.432552 0.428704 0.339062 0.516667
1 0.054427 0.370833 0.022396 0.054630
1 0.830990 0.561111 0.040104 0.053704
1 0.768490 0.688889 0.049479 0.118519
1 0.385677 0.723611 0.027604 0.054630
1 0.445312 0.692130 0.068750 0.110185
1 0.584375 0.211574 0.032292 0.076852
1 0.334635 0.813889 0.045312 0.092593
0 0.915885 0.772222 0.168229 0.455556
1 0.824219 0.856019 0.025521 0.060185
0 0.936198 0.085185 0.127604 0.168519
