0 0.519792 0.104630 0.302083 0.207407
1 0.668229 0.342130 0.047917 0.097222
1 0.785417 0.383796 0.042708 0.056481
0 0.931510 0.334722 0.136979 0.375000
0 0.430990 0.393519 0.339062 0.516667
1 0.051302 0.350463 0.022396 0.054630
1 0.830990 0.550926 0.040104 0.053704
1 0.767969 0.673148 0.049479 0.118519
1 0.384115 0.705093 0.027604 0.054630
1 0.442708 0.662500 0.068750 0.110185
1 0.584375 0.186574 0.032292 0.076852
1 0.330469 0.795370 0.045312 0.092593
0 0.914844 0.759722 0.170313 0.480556
1 0.824219 0.842130 0.025521 0.060185
0 0.933854 0.077315 0.132292 0.152778
1 0.012240 0.973611 0.023438 0.052778
