1 0.669792 0.324537 0.047917 0.097222
1 0.785417 0.357870 0.042708 0.056481
0 0.931510 0.311574 0.136979 0.375000
0 0.429427 0.380556 0.339062 0.516667
1 0.046615 0.320833 0.022396 0.054630
1 0.834115 0.522222 0.040104 0.053704
1 0.767448 0.641667 0.049479 0.118519
1 0.379427 0.677315 0.027604 0.054630
1 0.438542 0.632870 0.068750 0.110185
1 0.582292 0.158796 0.032292 0.076852
1 0.330990 0.764815 0.045312 0.092593
0 0.917188 0.747222 0.165625 0.505556
1 0.825260 0.814352 0.025521 0.060185
1 0.011979 0.956019 0.022917 0.052778
