1 0.827344 0.579630 0.022396 0.051852
1 0.708594 0.711574 0.036979 0.069444
0 0.528125 0.381481 0.388542 0.474074
0 0.538281 0.752315 0.232813 0.369444
1 0.030469 0.278704 0.023438 0.037037
1 0.143750 0.579167 0.011458 0.047222
1 0.025000 0.575926 0.021875 0.051852
1 0.270573 0.794907 0.026562 0.069444
1 0.342708 0.758796 0.016667 0.028704
1 0.129167 0.370370 0.017708 0.027778
1 0.199740 0.926852 0.031771 0.050000
1 0.171875 0.721296 0.017708 0.025926
1 0.511458 0.919444 0.018750 0.027778
1 0.295312 0.887037 0.019792 0.053704
1 0.896094 0.881944 0.029687 0.056481
1 0.724479 0.355556 0.032292 0.077778
1 0.647917 0.234722 0.040625 0.041667
1 0.939063 0.677315 0.013542 0.023148
1 0.748958 0.070370 0.030208 0.079630
1 0.490885 0.151852 0.018229 0.025926
