1 0.670312 0.287500 0.047917 0.097222
1 0.785937 0.318981 0.042708 0.056481
0 0.929427 0.298148 0.141146 0.342593
0 0.429427 0.344444 0.339062 0.516667
1 0.048177 0.282870 0.022396 0.054630
1 0.835677 0.498148 0.040104 0.053704
1 0.768490 0.613889 0.049479 0.118519
1 0.380990 0.642130 0.027604 0.054630
1 0.441146 0.601389 0.068750 0.110185
1 0.584375 0.123611 0.032292 0.076852
1 0.331510 0.734259 0.045312 0.092593
0 0.914323 0.785648 0.171354 0.428704
1 0.827344 0.782870 0.025521 0.060185
1 0.011719 0.917130 0.022396 0.052778
