1 0.675521 0.254167 0.047917 0.097222
1 0.791927 0.287963 0.041146 0.068519
0 0.929427 0.243519 0.141146 0.342593
0 0.426302 0.302778 0.339062 0.516667
1 0.047656 0.242130 0.022396 0.054630
1 0.840885 0.456944 0.040104 0.054630
1 0.773177 0.583333 0.049479 0.118519
1 0.384115 0.607870 0.027604 0.054630
1 0.443750 0.567130 0.068750 0.110185
1 0.589063 0.083796 0.032292 0.076852
1 0.332552 0.694444 0.045312 0.092593
0 0.915625 0.721759 0.168750 0.556481
1 0.832031 0.749537 0.025521 0.060185
1 0.011458 0.877315 0.021875 0.052778
