1 0.677083 0.215741 0.047917 0.098148
1 0.795052 0.256944 0.041146 0.069444
0 0.938021 0.212500 0.123958 0.350926
0 0.428385 0.262963 0.339062 0.516667
1 0.050781 0.197222 0.022396 0.055556
1 0.847656 0.429167 0.040104 0.054630
1 0.773177 0.583333 0.049479 0.118519
1 0.387760 0.571759 0.027604 0.054630
1 0.442708 0.529167 0.068750 0.110185
1 0.590625 0.048611 0.032292 0.076852
1 0.332552 0.658333 0.045312 0.092593
0 0.917448 0.707407 0.165104 0.585185
1 0.835677 0.727315 0.025521 0.060185
1 0.011198 0.838426 0.021354 0.052778
1 0.407031 0.965278 0.035937 0.069444
