1 0.680729 0.187037 0.047917 0.098148
1 0.800781 0.227778 0.041146 0.070370
0 0.938021 0.195833 0.123958 0.350926
0 0.438021 0.241667 0.341667 0.481481
1 0.050260 0.159259 0.022396 0.055556
1 0.851302 0.400463 0.040104 0.054630
1 0.779427 0.516667 0.049479 0.118519
1 0.387240 0.532870 0.027604 0.054630
1 0.449479 0.495833 0.068750 0.110185
1 0.595833 0.031481 0.035417 0.061111
1 0.334635 0.618519 0.045312 0.092593
0 0.917969 0.690741 0.164062 0.618519
1 0.835677 0.689352 0.025521 0.060185
1 0.010937 0.798611 0.020833 0.052778
1 0.409115 0.939352 0.035937 0.069444
1 0.522135 0.965278 0.038021 0.069444
1 0.563021 0.958333 0.034375 0.083333
1 0.787760 0.963889 0.040104 0.072222
