1 0.689063 0.153704 0.047917 0.098148
1 0.804427 0.200926 0.041146 0.070370
0 0.943229 0.173148 0.113542 0.344444
0 0.440104 0.224537 0.344792 0.447222
1 0.052344 0.117593 0.022396 0.055556
1 0.852865 0.373611 0.040104 0.054630
1 0.783594 0.491667 0.049479 0.118519
1 0.388802 0.498611 0.027604 0.054630
1 0.450000 0.460648 0.068750 0.110185
1 0.335156 0.587037 0.045312 0.092593
0 0.918229 0.678241 0.163542 0.643519
1 0.834635 0.668519 0.027604 0.062963
1 0.010677 0.760648 0.020313 0.052778
1 0.408073 0.908796 0.035937 0.069444
1 0.520573 0.944907 0.038021 0.069444
1 0.563021 0.932407 0.034375 0.083333
1 0.789583 0.942593 0.040625 0.072222
