1 0.688542 0.127778 0.047917 0.098148
1 0.803906 0.172222 0.041146 0.070370
0 0.440104 0.211574 0.344792 0.421296
1 0.053906 0.083333 0.022396 0.055556
1 0.850781 0.345833 0.040104 0.054630
1 0.783594 0.491667 0.049479 0.118519
1 0.388802 0.475463 0.027604 0.054630
1 0.450000 0.431944 0.068750 0.110185
1 0.337240 0.552778 0.045312 0.092593
0 0.919531 0.665741 0.160938 0.668519
1 0.836719 0.639815 0.027604 0.062963
1 0.010417 0.725463 0.019792 0.052778
1 0.409115 0.868056 0.035937 0.069444
1 0.520573 0.914352 0.038021 0.069444
1 0.559375 0.909259 0.034375 0.083333
1 0.788542 0.924074 0.040625 0.072222
1 0.245573 0.955556 0.031771 0.070370
0 0.944010 0.150000 0.111979 0.298148
