1 0.688542 0.098148 0.047917 0.098148
1 0.803906 0.150000 0.041146 0.070370
0 0.442969 0.197685 0.348438 0.393519
1 0.053906 0.053704 0.022396 0.055556
1 0.850781 0.325463 0.040104 0.054630
1 0.783073 0.448148 0.049479 0.118519
1 0.388281 0.443056 0.027604 0.054630
1 0.448958 0.396759 0.068750 0.110185
1 0.334635 0.525926 0.045312 0.092593
0 0.919531 0.665741 0.160938 0.668519
1 0.835677 0.609259 0.027604 0.062963
1 0.010156 0.693056 0.019271 0.052778
1 0.409635 0.848611 0.035937 0.069444
1 0.520573 0.880093 0.038021 0.069444
1 0.559375 0.877778 0.034375 0.083333
1 0.785417 0.895370 0.040625 0.072222
1 0.244531 0.925926 0.031771 0.070370
0 0.941667 0.143056 0.116667 0.284259
0 0.099219 0.897222 0.100521 0.205556
1 0.695052 0.970833 0.049479 0.058333
1 0.725000 0.973611 0.037500 0.052778
0 0.832031 0.953241 0.071354 0.093519
