1 0.686458 0.075926 0.047917 0.098148
1 0.801823 0.123148 0.041146 0.070370
0 0.444531 0.182870 0.342187 0.363889
1 0.053385 0.028241 0.022396 0.054630
1 0.848698 0.301389 0.040104 0.054630
1 0.777865 0.417593 0.049479 0.118519
1 0.386198 0.409722 0.027604 0.054630
1 0.446354 0.371759 0.068750 0.110185
1 0.330990 0.493519 0.045312 0.092593
0 0.913281 0.678241 0.173437 0.478704
1 0.831510 0.592593 0.027604 0.062963
1 0.404948 0.813426 0.035937 0.069444
1 0.515885 0.854167 0.038021 0.069444
1 0.553125 0.846296 0.034375 0.083333
1 0.780729 0.870370 0.040625 0.072222
1 0.241406 0.889815 0.031771 0.070370
0 0.100260 0.862037 0.100521 0.205556
1 0.691406 0.950463 0.049479 0.058333
1 0.719792 0.943981 0.037500 0.052778
0 0.826562 0.935648 0.067708 0.113889
