1 0.679688 0.052778 0.047917 0.098148
1 0.801823 0.093519 0.041146 0.070370
0 0.460938 0.173148 0.288542 0.344444
1 0.841927 0.270833 0.040104 0.054630
1 0.771094 0.390741 0.049479 0.118519
1 0.379948 0.387500 0.027604 0.054630
1 0.439063 0.347685 0.068750 0.110185
1 0.323177 0.462037 0.045312 0.092593
0 0.913542 0.581019 0.172917 0.652778
1 0.820052 0.561111 0.028646 0.075926
1 0.397135 0.783796 0.035937 0.069444
1 0.503906 0.818981 0.038021 0.069444
1 0.545833 0.820370 0.034375 0.083333
1 0.770833 0.836111 0.040625 0.072222
1 0.233073 0.862037 0.031771 0.070370
0 0.082552 0.841667 0.100521 0.205556
1 0.680990 0.921296 0.052604 0.072222
1 0.710417 0.916204 0.037500 0.052778
0 0.816667 0.910648 0.067708 0.113889
1 0.745833 0.981481 0.040625 0.037037
0 0.935156 0.116667 0.129688 0.231481
