1 0.794531 0.069444 0.041146 0.070370
0 0.455990 0.159259 0.278646 0.316667
1 0.832552 0.245833 0.040104 0.054630
1 0.764323 0.362037 0.049479 0.118519
1 0.371615 0.352315 0.027604 0.054630
1 0.435937 0.318056 0.068750 0.110185
1 0.315365 0.427778 0.045312 0.092593
0 0.907813 0.560648 0.184375 0.626852
1 0.812760 0.542593 0.028646 0.075926
1 0.390365 0.753241 0.035937 0.069444
1 0.497135 0.794907 0.038021 0.069444
1 0.536979 0.791667 0.034375 0.083333
1 0.765625 0.800926 0.040625 0.072222
1 0.222656 0.823148 0.031771 0.070370
0 0.084115 0.801852 0.100521 0.205556
1 0.667448 0.891667 0.052604 0.072222
1 0.702604 0.890278 0.037500 0.052778
0 0.808854 0.887500 0.067708 0.113889
1 0.739844 0.960185 0.042188 0.046296
0 0.932813 0.104630 0.134375 0.207407
