0 0.535937 0.398611 0.387500 0.469444
0 0.545573 0.764352 0.232813 0.363889
1 0.017969 0.338426 0.030729 0.062037
1 0.151562 0.597222 0.015625 0.046296
1 0.499740 0.166204 0.020313 0.023148
1 0.153385 0.245370 0.017188 0.024074
1 0.148177 0.865741 0.022396 0.037037
1 0.086458 0.829167 0.013542 0.023148
1 0.014063 0.781481 0.019792 0.050000
1 0.279167 0.812963 0.029167 0.064815
1 0.207292 0.937963 0.035417 0.059259
1 0.302604 0.901852 0.013542 0.050000
1 0.030729 0.592130 0.016667 0.049074
1 0.518229 0.935648 0.020833 0.030556
1 0.350781 0.773611 0.013021 0.028704
1 0.758073 0.087963 0.024479 0.075926
1 0.733073 0.368981 0.031771 0.073148
1 0.656250 0.247685 0.040625 0.047222
1 0.904167 0.894907 0.031250 0.050926
1 0.716667 0.727778 0.033333 0.062963
