1 0.779687 0.043981 0.045833 0.067593
0 0.441927 0.145833 0.279687 0.289815
1 0.817969 0.214815 0.040104 0.055556
1 0.764323 0.362037 0.049479 0.118519
1 0.360156 0.327315 0.027604 0.054630
1 0.419271 0.293056 0.068750 0.110185
1 0.301823 0.405556 0.045312 0.092593
0 0.901302 0.532870 0.197396 0.636111
1 0.799219 0.513889 0.028646 0.075926
1 0.374740 0.718981 0.035937 0.069444
1 0.481510 0.762500 0.038021 0.069444
1 0.522135 0.762037 0.034896 0.083333
1 0.746875 0.785185 0.040625 0.072222
1 0.212240 0.807407 0.031771 0.070370
0 0.064844 0.774074 0.100521 0.205556
1 0.658073 0.868519 0.052604 0.072222
1 0.686979 0.863426 0.037500 0.052778
0 0.794792 0.858796 0.067708 0.113889
1 0.721875 0.935648 0.040625 0.052778
0 0.927344 0.086111 0.145313 0.170370
1 0.678906 0.961111 0.045312 0.077778
