1 0.765625 0.034259 0.045833 0.066667
0 0.414583 0.131019 0.264583 0.260185
1 0.801823 0.198148 0.040104 0.055556
1 0.739323 0.315741 0.049479 0.118519
1 0.341406 0.306019 0.027604 0.054630
1 0.401042 0.264352 0.068750 0.110185
1 0.285156 0.384259 0.045312 0.092593
0 0.892188 0.499074 0.215625 0.629630
1 0.784115 0.485185 0.028646 0.075926
1 0.355990 0.698611 0.035937 0.069444
1 0.464323 0.742130 0.038021 0.069444
1 0.503906 0.741667 0.034896 0.083333
1 0.729167 0.767593 0.040625 0.072222
1 0.192969 0.771296 0.031771 0.070370
0 0.051302 0.745370 0.100521 0.205556
1 0.635677 0.843519 0.052604 0.072222
1 0.671354 0.838426 0.037500 0.052778
0 0.772396 0.837500 0.067708 0.113889
1 0.704167 0.912500 0.040625 0.052778
0 0.916146 0.076852 0.167708 0.151852
1 0.665365 0.936111 0.045312 0.077778
0 0.929948 0.902315 0.140104 0.195370
