0 0.390104 0.119444 0.262500 0.237037
1 0.783594 0.174074 0.040104 0.055556
1 0.719010 0.295370 0.049479 0.118519
1 0.325260 0.280093 0.027604 0.054630
1 0.383333 0.238426 0.068750 0.110185
1 0.264323 0.355556 0.045312 0.092593
0 0.882812 0.483333 0.234375 0.629630
1 0.763281 0.473148 0.028646 0.075926
1 0.337760 0.674537 0.035937 0.069444
1 0.447135 0.714352 0.038021 0.069444
1 0.486719 0.712963 0.034896 0.083333
1 0.709375 0.742593 0.040625 0.072222
1 0.172135 0.758333 0.031771 0.070370
0 0.044531 0.724537 0.088021 0.210185
1 0.617448 0.813889 0.041146 0.070370
1 0.648438 0.815278 0.037500 0.052778
0 0.754687 0.813426 0.067708 0.113889
1 0.685937 0.875000 0.039583 0.070370
0 0.911458 0.066204 0.177083 0.130556
1 0.649219 0.920370 0.045312 0.077778
0 0.922917 0.891667 0.154167 0.216667
1 0.176563 0.689352 0.031250 0.052778
