0 0.376563 0.108796 0.265625 0.215741
1 0.772135 0.153704 0.040104 0.055556
1 0.703385 0.275926 0.049479 0.118519
1 0.308073 0.256019 0.027604 0.054630
1 0.365625 0.216667 0.068750 0.111111
1 0.252865 0.326852 0.045312 0.092593
0 0.876823 0.460648 0.246354 0.628704
1 0.751823 0.451852 0.028646 0.075926
1 0.325260 0.653241 0.035937 0.069444
1 0.429948 0.694907 0.038021 0.069444
1 0.472135 0.703704 0.034896 0.083333
1 0.694271 0.725000 0.040625 0.072222
1 0.155469 0.730556 0.031771 0.070370
1 0.604948 0.794444 0.041146 0.070370
1 0.635417 0.793056 0.037500 0.052778
0 0.739062 0.792130 0.067708 0.113889
1 0.670833 0.863889 0.039583 0.070370
1 0.631510 0.892593 0.045312 0.077778
0 0.905990 0.879630 0.157812 0.240741
1 0.156771 0.654167 0.031250 0.052778
1 0.034375 0.954630 0.053125 0.090741
