0 0.338281 0.096759 0.233854 0.191667
1 0.760156 0.136111 0.040104 0.055556
1 0.694010 0.262037 0.049479 0.118519
1 0.288281 0.237500 0.027604 0.054630
1 0.350000 0.198148 0.068750 0.111111
1 0.232031 0.314815 0.045312 0.092593
0 0.869531 0.439815 0.260937 0.631481
1 0.739323 0.437037 0.028646 0.075926
1 0.307552 0.633796 0.035937 0.069444
1 0.413802 0.679167 0.038021 0.069444
1 0.453906 0.681481 0.034896 0.083333
1 0.675521 0.707407 0.040625 0.072222
1 0.137760 0.712037 0.031771 0.070370
1 0.587240 0.777778 0.041146 0.070370
1 0.616146 0.778241 0.037500 0.052778
0 0.720833 0.773611 0.067708 0.113889
1 0.651563 0.848148 0.039583 0.070370
1 0.617969 0.876852 0.045312 0.077778
0 0.890625 0.869907 0.159375 0.260185
1 0.141146 0.638426 0.031250 0.052778
1 0.021094 0.945370 0.041146 0.096296
