1 0.739844 0.115741 0.040104 0.055556
1 0.667969 0.239815 0.049479 0.118519
1 0.271615 0.218519 0.027604 0.055556
1 0.332292 0.185185 0.068750 0.111111
1 0.211719 0.300000 0.045312 0.092593
0 0.859896 0.429167 0.280208 0.643519
1 0.718490 0.419444 0.028646 0.075926
1 0.280990 0.627315 0.035937 0.069444
1 0.392969 0.667130 0.038021 0.069444
1 0.438281 0.667593 0.034896 0.083333
1 0.663021 0.699074 0.040625 0.072222
1 0.112240 0.704630 0.031771 0.070370
1 0.568490 0.773148 0.041146 0.070370
1 0.600521 0.766204 0.037500 0.052778
0 0.710417 0.762500 0.067708 0.113889
1 0.635417 0.837963 0.039583 0.070370
1 0.598698 0.873148 0.045312 0.077778
0 0.873437 0.869907 0.159375 0.260185
1 0.118229 0.631019 0.031250 0.052778
