1 0.723177 0.107407 0.040104 0.055556
1 0.652865 0.231481 0.049479 0.118519
1 0.251302 0.210185 0.027604 0.055556
1 0.308854 0.171296 0.068750 0.111111
1 0.192448 0.288889 0.045312 0.092593
0 0.851562 0.412037 0.296875 0.662963
1 0.697135 0.404630 0.028646 0.075926
1 0.260677 0.615278 0.035937 0.069444
1 0.375781 0.660648 0.038021 0.069444
1 0.412760 0.658333 0.034896 0.083333
1 0.639583 0.686111 0.040625 0.072222
1 0.091927 0.693519 0.031771 0.070370
1 0.547135 0.763889 0.041146 0.070370
1 0.584375 0.765278 0.037500 0.052778
0 0.693750 0.760648 0.067708 0.113889
1 0.621354 0.835185 0.039583 0.070370
1 0.577344 0.867593 0.045312 0.077778
0 0.854688 0.860648 0.159375 0.260185
1 0.095833 0.619907 0.031250 0.052778
