1 0.628906 0.220370 0.049479 0.118519
1 0.225260 0.196296 0.027604 0.055556
1 0.282813 0.154630 0.073958 0.116667
1 0.163542 0.277315 0.047917 0.097222
0 0.836458 0.404167 0.313542 0.667593
1 0.685156 0.395370 0.028646 0.075926
1 0.234635 0.604167 0.035937 0.069444
1 0.349740 0.650463 0.038021 0.069444
1 0.388802 0.649074 0.034896 0.083333
1 0.622917 0.680556 0.040625 0.072222
1 0.063281 0.678704 0.031771 0.070370
1 0.527083 0.759259 0.041667 0.070370
1 0.556250 0.748611 0.037500 0.052778
0 0.670833 0.753241 0.067708 0.113889
1 0.595833 0.827778 0.039583 0.070370
1 0.558594 0.859259 0.045312 0.077778
0 0.844271 0.850463 0.159375 0.260185
1 0.067708 0.607870 0.031250 0.052778
1 0.707031 0.094444 0.044271 0.064815
1 0.980729 0.260648 0.027083 0.052778
