1 0.610156 0.203704 0.049479 0.118519
1 0.198698 0.189815 0.027604 0.055556
1 0.258333 0.144444 0.073958 0.116667
1 0.140104 0.266204 0.047917 0.097222
0 0.814063 0.384722 0.313542 0.667593
1 0.658073 0.387963 0.028646 0.075926
1 0.208594 0.598611 0.035937 0.069444
1 0.319531 0.636574 0.038021 0.069444
1 0.362760 0.641667 0.034896 0.083333
1 0.598437 0.677778 0.040625 0.072222
1 0.035156 0.678704 0.031771 0.070370
1 0.501563 0.750000 0.041667 0.070370
1 0.534635 0.741204 0.038021 0.052778
0 0.645833 0.743981 0.067708 0.113889
1 0.568229 0.816667 0.039583 0.070370
1 0.530208 0.850000 0.045833 0.077778
0 0.812500 0.848611 0.168750 0.271296
1 0.039062 0.601389 0.031250 0.052778
1 0.683073 0.082407 0.044271 0.064815
1 0.253385 0.972685 0.041146 0.054630
1 0.960677 0.244907 0.029687 0.045370
