1 0.581510 0.188889 0.049479 0.118519
1 0.171094 0.174074 0.027604 0.055556
1 0.231250 0.133333 0.073958 0.116667
1 0.110937 0.253241 0.047917 0.097222
0 0.786458 0.383333 0.319792 0.675926
1 0.636198 0.377778 0.028646 0.075926
1 0.184635 0.584722 0.035937 0.069444
1 0.298177 0.627315 0.038021 0.069444
1 0.339323 0.630556 0.034896 0.083333
1 0.573438 0.662963 0.040625 0.072222
1 0.011198 0.666667 0.021354 0.074074
1 0.478125 0.737963 0.041667 0.070370
1 0.509896 0.735648 0.038542 0.052778
0 0.626563 0.734722 0.067708 0.113889
1 0.546875 0.812037 0.039583 0.070370
1 0.505208 0.843519 0.045833 0.077778
0 0.793750 0.840278 0.168750 0.271296
1 0.015885 0.593056 0.030729 0.052778
1 0.659635 0.070370 0.044271 0.064815
1 0.228385 0.967593 0.042188 0.064815
1 0.942969 0.236111 0.031771 0.053704
1 0.866146 0.629630 0.017708 0.051852
