0 0.539844 0.417593 0.392188 0.466667
0 0.554167 0.784259 0.230208 0.370370
1 0.159115 0.612500 0.013021 0.041667
1 0.026562 0.357407 0.030208 0.057407
1 0.046875 0.311574 0.025000 0.036111
1 0.505469 0.182870 0.019271 0.026852
1 0.023177 0.796759 0.022396 0.058333
1 0.015885 0.850000 0.022396 0.044444
1 0.358854 0.789352 0.014583 0.030556
1 0.144531 0.403704 0.014063 0.022222
1 0.215885 0.959259 0.029687 0.042593
1 0.286458 0.827778 0.025000 0.064815
1 0.525521 0.952315 0.017708 0.028704
1 0.040104 0.607870 0.018750 0.047222
1 0.723698 0.740278 0.029687 0.067593
1 0.908854 0.907407 0.028125 0.051852
1 0.738021 0.386111 0.032292 0.077778
1 0.764062 0.103241 0.028125 0.076852
