1 0.559115 0.188889 0.049479 0.118519
1 0.147135 0.166667 0.027604 0.055556
1 0.206771 0.117593 0.073958 0.116667
1 0.083854 0.246759 0.047917 0.097222
0 0.764583 0.374074 0.319792 0.675926
1 0.611719 0.361574 0.027604 0.063889
1 0.157031 0.578241 0.035937 0.069444
1 0.273177 0.623611 0.038021 0.069444
1 0.311719 0.619444 0.034896 0.083333
1 0.552083 0.658333 0.040625 0.072222
1 0.453646 0.733333 0.041667 0.070370
1 0.488542 0.728241 0.038542 0.052778
0 0.601562 0.726389 0.067708 0.113889
1 0.522656 0.804630 0.040104 0.070370
1 0.481771 0.832407 0.045833 0.077778
0 0.767708 0.831944 0.168750 0.271296
1 0.633594 0.061111 0.044271 0.064815
1 0.205469 0.967593 0.042188 0.064815
1 0.921094 0.226852 0.028646 0.057407
1 0.844531 0.628241 0.020313 0.054630
