1 0.534896 0.179630 0.050000 0.118519
1 0.125260 0.162963 0.027604 0.055556
1 0.182292 0.129630 0.073958 0.116667
1 0.060417 0.241204 0.047917 0.097222
0 0.738021 0.367593 0.319792 0.675926
1 0.587760 0.371759 0.027604 0.063889
1 0.134115 0.575463 0.035937 0.069444
1 0.248177 0.623611 0.038021 0.069444
1 0.292969 0.614815 0.034896 0.083333
1 0.528906 0.656481 0.041146 0.072222
1 0.430208 0.731481 0.041667 0.070370
1 0.461979 0.729167 0.038542 0.052778
0 0.580208 0.724537 0.067708 0.113889
1 0.498177 0.805556 0.040104 0.070370
1 0.458854 0.836111 0.045833 0.077778
0 0.743750 0.820833 0.168750 0.271296
1 0.612760 0.057407 0.044271 0.064815
1 0.177865 0.967593 0.042188 0.064815
1 0.894010 0.227778 0.028646 0.057407
1 0.623177 0.972685 0.023438 0.054630
1 0.966146 0.150000 0.039583 0.079630
1 0.821094 0.620370 0.015104 0.042593
