1 0.517188 0.179630 0.050000 0.118519
1 0.101823 0.165741 0.027604 0.055556
1 0.160938 0.122222 0.073958 0.116667
1 0.040625 0.241204 0.047917 0.097222
0 0.718229 0.367593 0.319792 0.675926
1 0.571094 0.366204 0.027604 0.063889
1 0.110677 0.576389 0.035937 0.069444
1 0.228385 0.621759 0.038021 0.069444
1 0.265885 0.619444 0.034896 0.083333
1 0.504427 0.656481 0.041146 0.072222
1 0.409896 0.729630 0.041667 0.070370
1 0.443229 0.729167 0.038542 0.052778
0 0.558333 0.722685 0.067708 0.113889
1 0.474740 0.800926 0.040104 0.070370
1 0.432292 0.830556 0.045833 0.077778
0 0.710417 0.829167 0.168750 0.271296
1 0.591927 0.058333 0.044271 0.064815
1 0.158594 0.967593 0.042188 0.064815
1 0.874219 0.226852 0.028646 0.057407
1 0.606510 0.972685 0.023438 0.054630
1 0.938542 0.143519 0.039583 0.079630
1 0.796354 0.626852 0.019792 0.053704
