1 0.498437 0.187963 0.050000 0.118519
1 0.086198 0.162037 0.027604 0.055556
1 0.139063 0.125000 0.073958 0.116667
1 0.024219 0.244907 0.047396 0.097222
0 0.691146 0.361111 0.319792 0.675926
1 0.550260 0.365278 0.027604 0.063889
1 0.094010 0.575463 0.035937 0.069444
1 0.208073 0.621759 0.038021 0.069444
1 0.247135 0.612963 0.034896 0.083333
1 0.485156 0.653704 0.041146 0.072222
1 0.391667 0.725000 0.041667 0.070370
1 0.422396 0.722685 0.038542 0.052778
0 0.542969 0.727315 0.068229 0.113889
1 0.457031 0.800926 0.040104 0.070370
1 0.416146 0.833333 0.045833 0.077778
0 0.696875 0.808796 0.168750 0.271296
1 0.572656 0.057407 0.044271 0.064815
1 0.134635 0.967593 0.042188 0.064815
1 0.850781 0.224074 0.028646 0.057407
1 0.583073 0.972685 0.023438 0.054630
1 0.923958 0.144444 0.039583 0.079630
1 0.869792 0.488889 0.036458 0.055556
1 0.833073 0.356019 0.041146 0.075000
1 0.778125 0.618056 0.020833 0.045370
