1 0.474479 0.184259 0.050000 0.118519
1 0.056510 0.171296 0.027604 0.055556
1 0.114583 0.122222 0.073958 0.116667
0 0.667188 0.362037 0.319792 0.675926
1 0.532292 0.356944 0.028125 0.063889
1 0.068490 0.579167 0.035937 0.069444
1 0.185677 0.622685 0.038021 0.069444
1 0.226823 0.621296 0.034896 0.083333
1 0.460677 0.657407 0.041146 0.072222
1 0.369792 0.728704 0.041667 0.070370
1 0.405208 0.722685 0.038542 0.052778
0 0.516146 0.726389 0.068750 0.113889
1 0.438281 0.802778 0.040104 0.070370
1 0.394271 0.828704 0.045833 0.077778
0 0.670312 0.831944 0.168750 0.271296
1 0.547656 0.059259 0.044271 0.064815
1 0.118490 0.967593 0.042188 0.064815
1 0.829948 0.222222 0.028646 0.057407
1 0.565365 0.972685 0.023438 0.054630
1 0.907292 0.140741 0.039583 0.079630
1 0.853125 0.485185 0.036458 0.055556
1 0.809635 0.354167 0.041146 0.075000
0 0.946615 0.848148 0.106771 0.303704
0 0.941927 0.563889 0.116146 0.283333
1 0.758333 0.618519 0.015625 0.046296
