1 0.451562 0.187037 0.050000 0.118519
1 0.036198 0.176852 0.027604 0.055556
1 0.089583 0.134259 0.073958 0.116667
0 0.645833 0.369444 0.319792 0.675926
1 0.503385 0.374537 0.028646 0.063889
1 0.047135 0.589352 0.035937 0.069444
1 0.160677 0.634722 0.038021 0.069444
1 0.204427 0.633333 0.034896 0.083333
1 0.442969 0.664815 0.041146 0.072222
1 0.348438 0.732407 0.041667 0.070370
1 0.381250 0.733796 0.038542 0.052778
0 0.500000 0.731944 0.068750 0.113889
1 0.414323 0.801852 0.040104 0.070370
1 0.370312 0.837037 0.045833 0.077778
0 0.654687 0.826389 0.168750 0.271296
1 0.528646 0.063889 0.044792 0.064815
1 0.091406 0.967593 0.042188 0.064815
1 0.811198 0.225926 0.028646 0.057407
1 0.546615 0.972685 0.023438 0.054630
1 0.879167 0.147222 0.039583 0.079630
1 0.829167 0.498148 0.036458 0.055556
1 0.788281 0.358796 0.041146 0.075000
0 0.930469 0.571296 0.139063 0.288889
0 0.938021 0.840278 0.123958 0.319444
0 0.945573 0.364815 0.108854 0.224074
1 0.740104 0.622222 0.016667 0.048148
