1 0.425000 0.193519 0.050000 0.118519
1 0.014063 0.193519 0.027083 0.055556
1 0.068750 0.142593 0.073958 0.116667
0 0.618750 0.375926 0.319792 0.675926
1 0.026042 0.597685 0.036458 0.069444
1 0.136719 0.643981 0.038021 0.069444
1 0.180990 0.637037 0.034896 0.083333
1 0.421094 0.668519 0.041146 0.072222
1 0.325521 0.744444 0.041667 0.070370
1 0.358854 0.742130 0.038542 0.052778
0 0.475000 0.738426 0.068750 0.113889
1 0.391406 0.812963 0.040104 0.070370
1 0.350000 0.853704 0.045833 0.077778
0 0.628125 0.843981 0.168750 0.271296
1 0.504167 0.071296 0.044792 0.064815
1 0.091406 0.967593 0.042188 0.064815
1 0.787240 0.235185 0.028646 0.057407
1 0.525521 0.981019 0.025000 0.037963
1 0.861458 0.146296 0.039583 0.079630
1 0.808333 0.495370 0.036458 0.055556
1 0.767448 0.368981 0.041146 0.075000
0 0.908854 0.576852 0.150000 0.294444
0 0.918490 0.843981 0.163021 0.312037
0 0.933854 0.362037 0.132292 0.224074
1 0.899219 0.180093 0.026562 0.039815
1 0.718229 0.629167 0.019792 0.049074
