1 0.409896 0.197222 0.050000 0.118519
1 0.050000 0.161111 0.073958 0.116667
0 0.602604 0.399074 0.319792 0.675926
1 0.122656 0.657870 0.038021 0.069444
1 0.164323 0.650000 0.034896 0.083333
1 0.403385 0.682407 0.041146 0.072222
1 0.309375 0.756481 0.041667 0.070370
1 0.343750 0.754167 0.038542 0.052778
0 0.461458 0.755093 0.068750 0.113889
1 0.374219 0.824074 0.040104 0.070370
1 0.336979 0.866667 0.045833 0.077778
0 0.617188 0.852315 0.168750 0.271296
1 0.488021 0.083796 0.044792 0.065741
1 0.769010 0.240741 0.028646 0.057407
1 0.835938 0.149074 0.039583 0.079630
1 0.786458 0.508333 0.036458 0.055556
1 0.745052 0.374537 0.041146 0.075000
0 0.886979 0.580556 0.150000 0.294444
0 0.918490 0.843981 0.163021 0.312037
0 0.915885 0.377778 0.141146 0.229630
1 0.876823 0.187963 0.026562 0.040741
1 0.700521 0.638426 0.019792 0.049074
