1 0.389583 0.213889 0.050000 0.118519
1 0.033073 0.162500 0.065104 0.104630
0 0.576042 0.398148 0.319792 0.675926
1 0.101823 0.666204 0.038021 0.069444
1 0.147135 0.662037 0.034896 0.083333
1 0.384115 0.691667 0.041146 0.072222
1 0.290625 0.760185 0.041667 0.070370
1 0.323958 0.763426 0.038542 0.052778
0 0.443229 0.760648 0.068750 0.113889
1 0.355469 0.840741 0.040104 0.070370
1 0.317188 0.869444 0.045833 0.077778
0 0.600521 0.853241 0.168750 0.271296
1 0.466667 0.084722 0.044792 0.065741
1 0.748177 0.248148 0.028646 0.057407
1 0.817187 0.160185 0.039583 0.079630
1 0.767708 0.514815 0.036458 0.055556
1 0.726302 0.383796 0.041146 0.075000
0 0.866667 0.579630 0.150000 0.294444
0 0.906510 0.839352 0.186979 0.321296
0 0.888802 0.375000 0.141146 0.229630
1 0.857552 0.191667 0.026562 0.040741
1 0.677083 0.647685 0.019792 0.049074
