1 0.373437 0.217593 0.050000 0.118519
1 0.034896 0.191667 0.030208 0.061111
0 0.555729 0.407407 0.319792 0.675926
1 0.086198 0.678241 0.038021 0.069444
1 0.129427 0.668519 0.034896 0.083333
1 0.370573 0.692593 0.041146 0.072222
1 0.277604 0.771296 0.041667 0.070370
1 0.305208 0.771759 0.038542 0.052778
0 0.420833 0.766204 0.068750 0.113889
1 0.337760 0.848148 0.040104 0.070370
1 0.298438 0.883333 0.045833 0.077778
0 0.586979 0.864352 0.168750 0.271296
1 0.444792 0.097685 0.044792 0.065741
1 0.729427 0.252778 0.028646 0.057407
1 0.802604 0.162037 0.039583 0.079630
1 0.755208 0.517593 0.036458 0.055556
1 0.711719 0.389352 0.041146 0.075000
0 0.852083 0.588889 0.150000 0.294444
0 0.875260 0.851389 0.167187 0.297222
0 0.872656 0.388889 0.141146 0.229630
1 0.838281 0.193519 0.026562 0.040741
1 0.665104 0.644907 0.019792 0.049074
1 0.970573 0.956944 0.058854 0.086111
