0 0.548177 0.435648 0.384896 0.465741
0 0.561458 0.802778 0.230208 0.359259
1 0.052604 0.330556 0.022917 0.035185
1 0.033594 0.378241 0.033854 0.063889
1 0.152344 0.423148 0.016146 0.027778
1 0.166667 0.628241 0.015625 0.049074
1 0.048177 0.623148 0.018229 0.048148
1 0.294792 0.844444 0.025000 0.064815
1 0.365104 0.805556 0.013542 0.035185
1 0.030729 0.816667 0.019792 0.048148
1 0.023438 0.864815 0.025000 0.042593
1 0.165104 0.902778 0.018750 0.038889
1 0.533073 0.973148 0.019271 0.031481
1 0.319010 0.926852 0.017188 0.035185
1 0.510938 0.200463 0.019792 0.025000
1 0.743750 0.405556 0.030208 0.074074
1 0.769531 0.122685 0.026562 0.076852
1 0.729688 0.756481 0.032292 0.068519
1 0.914062 0.928704 0.029167 0.057407
1 0.957552 0.723611 0.013021 0.026852
