1 0.355208 0.220370 0.050000 0.118519
1 0.017969 0.193519 0.030729 0.061111
0 0.536458 0.407407 0.319792 0.675926
1 0.070052 0.679167 0.038021 0.069444
1 0.115365 0.675926 0.034896 0.083333
1 0.351823 0.700926 0.041146 0.072222
1 0.255208 0.781481 0.041667 0.070370
1 0.289583 0.771759 0.038542 0.052778
0 0.410417 0.768056 0.068750 0.113889
1 0.322135 0.850000 0.040104 0.070370
1 0.283854 0.883333 0.045833 0.077778
0 0.569792 0.867593 0.143750 0.264815
1 0.435417 0.097685 0.044792 0.065741
1 0.713802 0.255556 0.028646 0.057407
1 0.782813 0.169444 0.039583 0.079630
1 0.740104 0.516667 0.036458 0.055556
1 0.698177 0.393056 0.041146 0.075000
0 0.835417 0.591667 0.150000 0.294444
0 0.855990 0.851389 0.167187 0.297222
0 0.853385 0.387963 0.141146 0.229630
1 0.821094 0.198148 0.026562 0.040741
1 0.650000 0.656019 0.019792 0.049074
0 0.927604 0.395833 0.144792 0.458333
1 0.953906 0.957407 0.057813 0.085185
