1 0.341667 0.231481 0.050000 0.118519
0 0.525000 0.421296 0.319792 0.675926
1 0.053385 0.688426 0.038021 0.069444
1 0.098698 0.675000 0.034896 0.083333
1 0.338281 0.705556 0.041146 0.072222
1 0.240104 0.785185 0.041667 0.070370
1 0.276042 0.786574 0.038542 0.052778
0 0.397396 0.779167 0.068750 0.113889
1 0.307031 0.851852 0.040104 0.070370
1 0.267708 0.889815 0.045833 0.077778
0 0.551562 0.867593 0.143750 0.264815
1 0.412500 0.102315 0.044792 0.065741
1 0.700260 0.261111 0.028646 0.057407
1 0.764583 0.171296 0.039583 0.079630
1 0.724479 0.523148 0.036458 0.055556
1 0.679948 0.393056 0.041146 0.075000
0 0.814583 0.591667 0.150000 0.294444
0 0.839844 0.860648 0.158854 0.278704
0 0.837240 0.403704 0.141146 0.229630
1 0.807552 0.206481 0.026562 0.040741
1 0.633854 0.658796 0.019792 0.049074
0 0.921615 0.441667 0.156771 0.557407
0 0.906510 0.094444 0.186979 0.187037
1 0.940885 0.957870 0.052604 0.084259
