1 0.328125 0.232407 0.050000 0.118519
0 0.516667 0.420370 0.319792 0.675926
1 0.041406 0.694907 0.038021 0.069444
1 0.087240 0.686111 0.034896 0.083333
1 0.327865 0.707407 0.041146 0.072222
1 0.231771 0.785185 0.041667 0.070370
1 0.263021 0.783796 0.038542 0.052778
0 0.384375 0.780093 0.068750 0.113889
1 0.292969 0.862037 0.040104 0.070370
1 0.257812 0.898148 0.045833 0.077778
0 0.539062 0.868981 0.131250 0.262037
1 0.402083 0.107870 0.044792 0.065741
1 0.686719 0.255556 0.028646 0.057407
1 0.753646 0.175926 0.039583 0.079630
1 0.708854 0.523148 0.036458 0.055556
1 0.667448 0.401389 0.041146 0.075000
0 0.802083 0.605556 0.150000 0.294444
0 0.823698 0.860648 0.158854 0.278704
0 0.822656 0.397222 0.141146 0.229630
1 0.796615 0.204630 0.026562 0.040741
1 0.622396 0.659722 0.019792 0.049074
0 0.897917 0.095370 0.204167 0.188889
0 0.915104 0.447685 0.169792 0.547222
1 0.926302 0.958333 0.052604 0.083333
