1 0.314583 0.238889 0.050000 0.118519
0 0.506771 0.421296 0.319792 0.675926
1 0.033594 0.694907 0.038021 0.069444
1 0.077865 0.688889 0.034896 0.083333
1 0.319010 0.713889 0.041146 0.072222
1 0.223438 0.786111 0.041667 0.070370
1 0.255208 0.793981 0.038542 0.052778
0 0.375521 0.780093 0.068750 0.113889
1 0.285677 0.860185 0.040104 0.070370
1 0.248958 0.898148 0.045833 0.077778
0 0.528646 0.868981 0.131250 0.262037
1 0.390625 0.108796 0.044792 0.065741
1 0.674740 0.267593 0.028646 0.057407
1 0.742188 0.176852 0.039583 0.079630
1 0.698438 0.530556 0.036458 0.055556
1 0.653385 0.399537 0.041146 0.075000
0 0.784375 0.606481 0.150000 0.294444
0 0.819010 0.860648 0.158854 0.278704
0 0.813802 0.411111 0.141146 0.229630
1 0.784115 0.210648 0.026562 0.041667
1 0.613021 0.659722 0.019792 0.049074
0 0.890625 0.099537 0.218750 0.197222
0 0.910417 0.445833 0.179167 0.550926
1 0.914323 0.959722 0.052604 0.080556
