1 0.308333 0.238889 0.050000 0.118519
0 0.489583 0.417593 0.319792 0.675926
1 0.027344 0.698611 0.038021 0.069444
1 0.070573 0.691667 0.034896 0.083333
1 0.307031 0.718519 0.041146 0.072222
1 0.216146 0.787963 0.041667 0.070370
1 0.249479 0.793981 0.038542 0.052778
0 0.367708 0.781944 0.068750 0.113889
1 0.278385 0.859259 0.040104 0.070370
1 0.241667 0.901852 0.045833 0.077778
0 0.521354 0.868981 0.131250 0.262037
1 0.379688 0.117130 0.044792 0.065741
1 0.663802 0.266667 0.028646 0.057407
1 0.731771 0.179630 0.039583 0.079630
1 0.689583 0.531481 0.036458 0.055556
1 0.645052 0.400463 0.041146 0.075000
0 0.782813 0.607407 0.150000 0.294444
0 0.803385 0.860648 0.158854 0.278704
0 0.801823 0.410185 0.141146 0.229630
1 0.775781 0.210648 0.026562 0.041667
1 0.602604 0.656019 0.019792 0.049074
0 0.882812 0.102315 0.234375 0.202778
0 0.904167 0.446296 0.191667 0.551852
1 0.901302 0.956944 0.053646 0.086111
