1 0.301563 0.238889 0.050000 0.118519
0 0.478646 0.431481 0.319792 0.675926
1 0.019271 0.702315 0.037500 0.069444
1 0.060677 0.700000 0.034896 0.083333
1 0.298177 0.719444 0.041146 0.072222
1 0.202083 0.788889 0.041667 0.070370
1 0.235417 0.793056 0.038542 0.052778
0 0.361979 0.786574 0.068750 0.113889
1 0.270052 0.862037 0.040104 0.070370
1 0.230208 0.900000 0.045833 0.077778
0 0.513021 0.868981 0.131250 0.262037
1 0.369792 0.117130 0.044792 0.065741
1 0.653906 0.266667 0.028646 0.057407
1 0.721354 0.180556 0.039583 0.079630
1 0.675521 0.533333 0.036458 0.055556
1 0.635156 0.403241 0.041146 0.075000
0 0.764062 0.601852 0.150000 0.294444
0 0.788802 0.860648 0.158854 0.278704
0 0.787240 0.408333 0.141146 0.229630
1 0.763802 0.214352 0.026562 0.041667
1 0.592187 0.660648 0.019792 0.049074
0 0.831250 0.098611 0.146875 0.195370
0 0.899219 0.386574 0.201563 0.671296
1 0.891146 0.952778 0.058333 0.094444
