1 0.285938 0.255556 0.050000 0.118519
0 0.465104 0.435185 0.319792 0.675926
1 0.049740 0.706481 0.034896 0.083333
1 0.289844 0.719444 0.041146 0.072222
1 0.193229 0.793519 0.041667 0.070370
1 0.226562 0.798611 0.038542 0.052778
0 0.345833 0.791204 0.068750 0.113889
1 0.259635 0.869444 0.040104 0.070370
1 0.219792 0.906481 0.045833 0.077778
0 0.494792 0.868981 0.131250 0.262037
1 0.356771 0.123611 0.044792 0.065741
1 0.640885 0.274074 0.028646 0.057407
1 0.710417 0.180556 0.039583 0.079630
1 0.665104 0.534259 0.036458 0.055556
1 0.621094 0.408796 0.041146 0.075000
0 0.747917 0.600000 0.150000 0.294444
0 0.778906 0.860648 0.158854 0.278704
0 0.773177 0.408333 0.141146 0.229630
1 0.746615 0.214352 0.026562 0.041667
1 0.578646 0.668056 0.019792 0.049074
0 0.811719 0.098148 0.153646 0.194444
0 0.891667 0.391204 0.216667 0.662037
1 0.878646 0.952778 0.053125 0.094444
