1 0.274479 0.257407 0.050000 0.118519
0 0.456250 0.437037 0.319792 0.675926
1 0.036719 0.714815 0.034896 0.083333
1 0.270052 0.737963 0.041146 0.072222
1 0.182812 0.806481 0.041667 0.070370
1 0.214062 0.813426 0.038542 0.052778
0 0.329167 0.794907 0.068750 0.113889
1 0.248177 0.874074 0.040104 0.070370
1 0.207292 0.912037 0.045833 0.077778
0 0.484896 0.868981 0.131250 0.262037
1 0.343229 0.136574 0.044792 0.065741
1 0.626823 0.276852 0.028646 0.057407
1 0.692187 0.187037 0.039583 0.079630
1 0.653646 0.536111 0.036458 0.055556
1 0.603385 0.409722 0.041146 0.075000
0 0.737500 0.603704 0.150000 0.294444
0 0.763802 0.860648 0.158854 0.278704
0 0.760677 0.411111 0.141146 0.229630
1 0.728385 0.215278 0.026562 0.041667
1 0.567187 0.671759 0.019792 0.049074
0 0.796094 0.097685 0.153646 0.193519
0 0.883854 0.393056 0.232292 0.663889
1 0.866667 0.952778 0.053125 0.094444
