1 0.265104 0.276852 0.050000 0.118519
0 0.444271 0.455556 0.319792 0.675926
1 0.026042 0.731481 0.035417 0.083333
1 0.261198 0.742593 0.041146 0.072222
1 0.169792 0.814815 0.041667 0.070370
1 0.205729 0.821759 0.038542 0.052778
0 0.321875 0.800463 0.068750 0.113889
1 0.237760 0.892593 0.040104 0.070370
1 0.196875 0.932407 0.045833 0.077778
0 0.470573 0.884259 0.127604 0.231481
1 0.335938 0.149537 0.044792 0.065741
1 0.615365 0.285185 0.028646 0.057407
1 0.681771 0.197222 0.039583 0.079630
1 0.639062 0.542593 0.036458 0.055556
1 0.595052 0.418056 0.041146 0.075000
0 0.737500 0.603704 0.150000 0.294444
0 0.750781 0.860648 0.158854 0.278704
0 0.744531 0.417593 0.141146 0.229630
1 0.717448 0.223611 0.026562 0.041667
1 0.557292 0.678241 0.019792 0.049074
0 0.783854 0.106944 0.151042 0.212037
0 0.874219 0.397685 0.251563 0.660185
1 0.852865 0.958333 0.051562 0.083333
