1 0.257812 0.293519 0.050000 0.118519
0 0.441927 0.461111 0.320312 0.675926
1 0.020573 0.749074 0.035937 0.083333
1 0.254427 0.759259 0.041146 0.072222
1 0.165625 0.838889 0.041667 0.070370
1 0.198958 0.835648 0.038542 0.052778
0 0.318750 0.816204 0.068750 0.113889
1 0.233073 0.903704 0.040104 0.070370
1 0.191667 0.944444 0.045833 0.077778
0 0.468490 0.889815 0.129688 0.220370
1 0.321875 0.166204 0.044792 0.065741
1 0.604427 0.295370 0.028646 0.057407
1 0.671354 0.220370 0.039583 0.079630
1 0.633333 0.559259 0.036458 0.055556
1 0.585156 0.431019 0.041146 0.075000
0 0.714063 0.622222 0.150000 0.294444
0 0.741667 0.872685 0.164583 0.254630
0 0.736198 0.437037 0.141146 0.229630
1 0.710156 0.234722 0.026562 0.041667
1 0.551562 0.692130 0.019792 0.049074
0 0.769792 0.106481 0.151042 0.211111
0 0.872917 0.434259 0.254167 0.716667
1 0.847656 0.958333 0.051562 0.083333
0 0.464062 0.123611 0.234375 0.245370
