0 0.568750 0.822222 0.230208 0.355556
0 0.551823 0.452778 0.388021 0.468519
1 0.172396 0.648611 0.014583 0.047222
1 0.038021 0.394907 0.036458 0.056481
1 0.056771 0.348611 0.022917 0.036111
1 0.028125 0.884259 0.022917 0.040741
1 0.037760 0.838426 0.020313 0.052778
1 0.052865 0.645370 0.019271 0.050000
1 0.750000 0.424074 0.028125 0.075926
1 0.733854 0.781019 0.033333 0.071296
1 0.920573 0.945370 0.028646 0.050000
1 0.672396 0.304167 0.039583 0.049074
1 0.515885 0.218056 0.019271 0.021296
1 0.774219 0.139352 0.027604 0.075000
1 0.156510 0.440741 0.017188 0.027778
