1 0.245833 0.306481 0.050000 0.118519
0 0.432552 0.476852 0.320312 0.675926
1 0.020052 0.763889 0.035937 0.083333
1 0.253906 0.773148 0.041146 0.072222
1 0.160938 0.855556 0.041667 0.070370
1 0.196875 0.848611 0.038542 0.052778
0 0.316146 0.831944 0.068750 0.113889
1 0.231510 0.912037 0.040104 0.070370
1 0.190625 0.950926 0.045833 0.077778
0 0.465885 0.889815 0.129688 0.220370
1 0.318750 0.170833 0.044792 0.065741
1 0.601823 0.309259 0.028646 0.057407
1 0.659896 0.222222 0.039583 0.079630
1 0.628125 0.564815 0.036458 0.055556
1 0.582031 0.436574 0.041146 0.075000
0 0.711979 0.629630 0.150000 0.294444
0 0.731250 0.877778 0.159375 0.244444
0 0.733594 0.446296 0.141146 0.229630
1 0.706510 0.246759 0.026562 0.041667
1 0.546875 0.699537 0.019792 0.049074
0 0.766146 0.114352 0.143750 0.226852
0 0.869792 0.434722 0.260417 0.723148
1 0.843750 0.967593 0.050000 0.064815
0 0.459896 0.123148 0.234375 0.244444
