1 0.243750 0.314815 0.050000 0.118519
0 0.431510 0.501852 0.320312 0.675926
1 0.020052 0.781481 0.035937 0.083333
1 0.251823 0.782407 0.041146 0.072222
1 0.160938 0.860185 0.041667 0.070370
1 0.196875 0.861574 0.038542 0.052778
0 0.315625 0.845833 0.068750 0.113889
1 0.228906 0.930556 0.040104 0.070370
1 0.190625 0.961111 0.045833 0.077778
0 0.466146 0.900463 0.130208 0.199074
1 0.317188 0.186574 0.044792 0.065741
1 0.601302 0.317593 0.028646 0.057407
1 0.660937 0.232407 0.039583 0.079630
1 0.627083 0.576852 0.036458 0.055556
1 0.582031 0.449537 0.041146 0.075000
0 0.709896 0.637037 0.150000 0.294444
0 0.742188 0.879630 0.147917 0.240741
0 0.740365 0.450000 0.141146 0.229630
1 0.704948 0.255093 0.026562 0.041667
1 0.546354 0.711574 0.019792 0.049074
0 0.763542 0.113889 0.143750 0.225926
0 0.869792 0.437500 0.260417 0.723148
1 0.846354 0.973611 0.055208 0.052778
0 0.458073 0.134259 0.235937 0.266667
