1 0.245833 0.330556 0.050000 0.118519
0 0.430990 0.513889 0.320312 0.675926
1 0.022135 0.795370 0.035937 0.083333
1 0.251823 0.794444 0.041146 0.072222
1 0.164583 0.875926 0.041667 0.070370
1 0.197917 0.882870 0.038542 0.052778
0 0.318229 0.862500 0.068750 0.113889
1 0.231510 0.947222 0.040104 0.070370
0 0.466146 0.908333 0.130208 0.183333
1 0.317188 0.193981 0.044792 0.065741
1 0.602344 0.325000 0.028646 0.057407
1 0.664583 0.243519 0.039583 0.079630
1 0.628646 0.588889 0.036458 0.055556
1 0.582031 0.465278 0.041146 0.075000
0 0.709896 0.661111 0.150000 0.294444
0 0.741146 0.889815 0.150000 0.220370
0 0.730469 0.461111 0.141146 0.229630
1 0.704948 0.266204 0.026562 0.041667
1 0.550000 0.718056 0.019792 0.049074
0 0.810677 0.124074 0.233854 0.246296
0 0.869792 0.465278 0.260417 0.723148
0 0.458073 0.134259 0.235937 0.266667
