1 0.250000 0.341667 0.050000 0.118519
0 0.435677 0.531481 0.320312 0.675926
1 0.022135 0.812963 0.035937 0.083333
1 0.257031 0.812037 0.041146 0.072222
1 0.166667 0.885185 0.041667 0.070370
1 0.198437 0.895833 0.038542 0.052778
0 0.320312 0.862500 0.068750 0.113889
1 0.233594 0.960185 0.040104 0.070370
1 0.319271 0.206944 0.044792 0.065741
1 0.601823 0.343519 0.028646 0.057407
1 0.663542 0.258333 0.039583 0.079630
1 0.631771 0.604630 0.036458 0.055556
1 0.585156 0.474537 0.041146 0.075000
0 0.712500 0.669444 0.150000 0.294444
0 0.741927 0.894444 0.154688 0.211111
0 0.734635 0.468519 0.141146 0.229630
1 0.711198 0.271759 0.026562 0.041667
1 0.555729 0.731019 0.019792 0.049074
0 0.811458 0.136111 0.235417 0.270370
0 0.869792 0.476389 0.260417 0.723148
0 0.448698 0.144444 0.260937 0.287037
