1 0.253125 0.354630 0.050000 0.118519
0 0.438802 0.550926 0.320312 0.675926
1 0.025781 0.825000 0.035937 0.083333
1 0.266406 0.826852 0.041146 0.072222
1 0.170313 0.900926 0.041667 0.070370
1 0.201563 0.903241 0.038542 0.052778
0 0.327083 0.881019 0.068750 0.113889
1 0.242969 0.964815 0.040104 0.070370
1 0.328125 0.220833 0.044792 0.065741
1 0.607552 0.355556 0.028646 0.057407
1 0.670833 0.263889 0.039583 0.079630
1 0.636458 0.610185 0.036458 0.055556
1 0.591406 0.492130 0.041146 0.075000
0 0.724479 0.694444 0.150000 0.294444
0 0.750260 0.905093 0.154688 0.189815
0 0.745052 0.482407 0.141146 0.229630
1 0.718490 0.285648 0.026562 0.041667
1 0.558333 0.743981 0.019792 0.049074
0 0.817187 0.135648 0.235417 0.269444
0 0.875260 0.481481 0.249479 0.712963
0 0.452865 0.150926 0.266146 0.300000
