1 0.259375 0.363889 0.050000 0.118519
0 0.448177 0.559259 0.320312 0.675926
1 0.030469 0.834259 0.035937 0.083333
1 0.270052 0.838889 0.041146 0.072222
1 0.173958 0.919444 0.041667 0.070370
1 0.210156 0.917593 0.029687 0.061111
0 0.331771 0.893981 0.068750 0.113889
1 0.244792 0.970370 0.043750 0.059259
1 0.330208 0.227315 0.044792 0.065741
1 0.614323 0.355556 0.028646 0.057407
1 0.676042 0.272222 0.039583 0.079630
1 0.636458 0.610185 0.036458 0.055556
1 0.595052 0.497685 0.041146 0.075000
0 0.733854 0.696296 0.150000 0.294444
0 0.752865 0.909259 0.157812 0.181481
0 0.749740 0.490741 0.141146 0.229630
1 0.723177 0.292130 0.026562 0.041667
1 0.565104 0.755093 0.019792 0.049074
0 0.823698 0.142593 0.233854 0.283333
0 0.875260 0.486111 0.249479 0.712963
0 0.453906 0.156944 0.271354 0.312037
1 0.176823 0.050000 0.031771 0.098148
1 0.135677 0.032407 0.050521 0.062963
