1 0.266667 0.372222 0.050000 0.118519
0 0.450260 0.561111 0.320312 0.675926
1 0.033073 0.843519 0.035937 0.083333
1 0.270052 0.849074 0.041146 0.072222
1 0.179688 0.923148 0.041667 0.070370
1 0.210677 0.925926 0.029687 0.061111
0 0.338021 0.906019 0.068750 0.113889
1 0.333333 0.237500 0.044792 0.065741
1 0.618490 0.367593 0.028646 0.057407
1 0.682813 0.288889 0.039583 0.079630
1 0.647917 0.643519 0.036458 0.055556
1 0.599219 0.503241 0.041146 0.075000
0 0.732812 0.704630 0.150000 0.294444
0 0.757031 0.500000 0.141146 0.229630
1 0.728906 0.303241 0.026562 0.041667
1 0.569271 0.768056 0.019792 0.049074
0 0.823698 0.142593 0.233854 0.283333
0 0.875260 0.486111 0.249479 0.712963
0 0.456510 0.160648 0.272396 0.319444
1 0.176823 0.051852 0.031771 0.101852
1 0.143490 0.031944 0.050521 0.062037
1 0.280990 0.061574 0.041146 0.080556
