1 0.266667 0.372222 0.050000 0.118519
0 0.457031 0.581481 0.320312 0.675926
1 0.037760 0.863889 0.035937 0.083333
1 0.272135 0.863889 0.041146 0.072222
1 0.184375 0.948148 0.041667 0.070370
1 0.216927 0.941667 0.029687 0.061111
0 0.342187 0.916204 0.068750 0.113889
1 0.338542 0.255093 0.044792 0.065741
1 0.623698 0.383333 0.028646 0.057407
1 0.682813 0.288889 0.039583 0.079630
1 0.653125 0.646296 0.036458 0.055556
1 0.603906 0.517130 0.041146 0.075000
0 0.739583 0.720370 0.150000 0.294444
0 0.760677 0.513889 0.141146 0.229630
1 0.728906 0.303241 0.026562 0.041667
1 0.572917 0.779167 0.019792 0.049074
0 0.834115 0.155093 0.236979 0.308333
0 0.875260 0.496296 0.249479 0.712963
0 0.460417 0.168519 0.276042 0.335185
1 0.180729 0.062037 0.036458 0.122222
1 0.145573 0.040741 0.054688 0.079630
1 0.280990 0.061574 0.041146 0.080556
