1 0.268229 0.393519 0.050000 0.118519
0 0.459635 0.599074 0.320312 0.675926
1 0.037760 0.874074 0.035937 0.083333
1 0.274219 0.875000 0.041146 0.072222
1 0.184375 0.960185 0.041667 0.070370
1 0.217448 0.956481 0.029687 0.061111
0 0.342187 0.924537 0.068750 0.113889
1 0.339583 0.262500 0.044792 0.065741
1 0.623698 0.387963 0.028646 0.057407
1 0.687500 0.303704 0.039583 0.079630
1 0.654167 0.654630 0.036458 0.055556
1 0.604427 0.529167 0.041146 0.075000
0 0.740625 0.729630 0.150000 0.294444
0 0.761198 0.526852 0.141146 0.229630
1 0.730990 0.321759 0.026562 0.041667
1 0.572917 0.792130 0.019792 0.049074
0 0.836719 0.155556 0.240104 0.309259
0 0.875260 0.487037 0.249479 0.712963
0 0.466146 0.175000 0.278125 0.348148
1 0.180729 0.062037 0.036458 0.122222
1 0.146875 0.046296 0.055208 0.090741
1 0.283073 0.086574 0.041146 0.080556
