1 0.268750 0.402778 0.050000 0.118519
0 0.460677 0.606481 0.320312 0.675926
1 0.036719 0.886111 0.035937 0.083333
1 0.274740 0.883333 0.041146 0.072222
1 0.182812 0.964815 0.041667 0.070370
1 0.219010 0.966667 0.029687 0.061111
0 0.342187 0.940278 0.068750 0.113889
1 0.339583 0.269907 0.044792 0.065741
1 0.624740 0.404630 0.028646 0.057407
1 0.689583 0.316667 0.039583 0.079630
1 0.656771 0.671296 0.036458 0.055556
1 0.605990 0.538426 0.041146 0.075000
0 0.743229 0.749074 0.150000 0.294444
0 0.760156 0.537037 0.141146 0.229630
1 0.730990 0.331944 0.026562 0.041667
1 0.573438 0.804167 0.019792 0.049074
0 0.836979 0.171759 0.237500 0.341667
0 0.875260 0.512037 0.249479 0.712963
0 0.467448 0.180556 0.279687 0.359259
1 0.180729 0.082407 0.036458 0.122222
1 0.144792 0.062963 0.055208 0.090741
1 0.286198 0.099537 0.041146 0.080556
