0 0.558333 0.476389 0.386458 0.473148
1 0.177083 0.669444 0.015625 0.044444
1 0.522396 0.237037 0.019792 0.025926
1 0.044271 0.414815 0.034375 0.057407
1 0.064583 0.369907 0.022917 0.039815
1 0.059896 0.664815 0.022917 0.046296
1 0.163542 0.460648 0.016667 0.026852
1 0.035156 0.905556 0.022396 0.042593
1 0.042708 0.853704 0.019792 0.044444
1 0.305469 0.882407 0.027604 0.066667
1 0.174740 0.937037 0.018229 0.035185
1 0.375781 0.843056 0.013021 0.032407
1 0.925000 0.964352 0.028125 0.050926
1 0.741667 0.798611 0.034375 0.065741
1 0.754687 0.440741 0.028125 0.074074
1 0.780469 0.160185 0.027604 0.075926
1 0.179948 0.319907 0.016146 0.025000
