1 0.267708 0.422222 0.050000 0.118519
0 0.459115 0.619444 0.320312 0.675926
1 0.036719 0.900000 0.035937 0.083333
1 0.276823 0.901852 0.041146 0.072222
1 0.185417 0.966667 0.037500 0.066667
1 0.218229 0.973611 0.028125 0.047222
0 0.339844 0.948611 0.073438 0.097222
1 0.339062 0.282870 0.044792 0.065741
1 0.624740 0.412037 0.028646 0.057407
1 0.689583 0.324074 0.039583 0.079630
1 0.653125 0.678704 0.036458 0.055556
1 0.607031 0.555093 0.041146 0.075000
0 0.743229 0.760185 0.150000 0.294444
0 0.760677 0.555556 0.141146 0.229630
1 0.730990 0.350463 0.026562 0.041667
1 0.575521 0.819907 0.019792 0.049074
0 0.841146 0.171296 0.237500 0.340741
0 0.875260 0.525000 0.249479 0.712963
0 0.472396 0.187963 0.285417 0.374074
1 0.181250 0.091667 0.036458 0.122222
1 0.145833 0.074074 0.055208 0.090741
1 0.286198 0.099537 0.041146 0.080556
