1 0.267188 0.440741 0.050000 0.118519
0 0.457552 0.637963 0.320312 0.675926
1 0.040365 0.913889 0.035937 0.083333
1 0.278385 0.918519 0.041146 0.072222
0 0.342708 0.953704 0.067708 0.087037
1 0.339583 0.306019 0.044792 0.065741
1 0.624740 0.435185 0.028646 0.057407
1 0.692187 0.340741 0.039583 0.079630
1 0.655208 0.689815 0.036458 0.055556
1 0.604948 0.568056 0.041146 0.075000
0 0.740104 0.780556 0.150000 0.294444
0 0.760156 0.565741 0.141146 0.229630
1 0.731510 0.356019 0.026562 0.041667
1 0.575521 0.826389 0.019792 0.049074
0 0.839063 0.182870 0.236458 0.363889
0 0.878125 0.543981 0.243750 0.686111
0 0.474479 0.195370 0.288542 0.388889
1 0.182292 0.105556 0.036458 0.122222
1 0.143750 0.090741 0.055208 0.090741
1 0.285156 0.118056 0.041146 0.080556
1 0.864062 0.024074 0.050000 0.046296
