1 0.273958 0.445370 0.050000 0.118519
0 0.465365 0.648148 0.320312 0.675926
1 0.041927 0.917593 0.035937 0.083333
1 0.281510 0.919444 0.041146 0.072222
0 0.343750 0.958333 0.065625 0.077778
1 0.342708 0.314352 0.044792 0.065741
1 0.627344 0.443519 0.028646 0.057407
1 0.692187 0.340741 0.039583 0.079630
1 0.659896 0.704630 0.036458 0.055556
1 0.610156 0.578241 0.041146 0.075000
0 0.744271 0.793519 0.150000 0.294444
0 0.763802 0.579630 0.141146 0.229630
1 0.731510 0.356019 0.026562 0.041667
1 0.578646 0.838426 0.019792 0.049074
0 0.842187 0.182870 0.236458 0.363889
0 0.878125 0.556019 0.243750 0.686111
0 0.474479 0.195370 0.288542 0.388889
1 0.182292 0.109259 0.036458 0.122222
1 0.146354 0.097222 0.055208 0.090741
1 0.289844 0.137500 0.041146 0.080556
1 0.865885 0.037037 0.049479 0.048148
