1 0.273958 0.478704 0.050000 0.118519
0 0.460938 0.668981 0.296875 0.662037
1 0.053906 0.950000 0.035937 0.083333
1 0.284115 0.943519 0.041146 0.072222
1 0.345833 0.336574 0.044792 0.065741
1 0.632552 0.459259 0.028646 0.057407
1 0.703646 0.385185 0.039583 0.079630
1 0.662500 0.728704 0.036458 0.055556
1 0.615365 0.602315 0.041146 0.075000
0 0.752083 0.824074 0.150000 0.294444
0 0.768490 0.613889 0.141146 0.229630
1 0.742969 0.395833 0.026562 0.041667
1 0.584375 0.861574 0.019792 0.049074
0 0.847917 0.208333 0.236458 0.379630
0 0.878125 0.577315 0.243750 0.686111
0 0.480990 0.212037 0.292187 0.422222
1 0.194792 0.149074 0.036458 0.122222
1 0.154688 0.119444 0.055208 0.090741
1 0.294531 0.160648 0.041146 0.080556
1 0.869792 0.059722 0.045833 0.049074
1 0.015104 0.959259 0.029167 0.081481
