1 0.282813 0.482407 0.050000 0.118519
0 0.461198 0.675463 0.294271 0.649074
1 0.051823 0.958333 0.035937 0.083333
1 0.287760 0.959259 0.041146 0.072222
1 0.350521 0.344907 0.044792 0.065741
1 0.635677 0.473148 0.028646 0.057407
1 0.701562 0.389815 0.039583 0.079630
1 0.666667 0.740741 0.036458 0.055556
1 0.620573 0.614352 0.041146 0.075000
0 0.753646 0.825000 0.150000 0.294444
0 0.768490 0.613889 0.141146 0.229630
1 0.745573 0.413426 0.026562 0.041667
1 0.587500 0.877315 0.019792 0.049074
0 0.850000 0.225000 0.236458 0.379630
0 0.878125 0.592130 0.243750 0.686111
0 0.485938 0.224537 0.292708 0.447222
1 0.194271 0.152778 0.036458 0.122222
1 0.153646 0.136111 0.055208 0.090741
1 0.294531 0.160648 0.041146 0.080556
1 0.873437 0.070833 0.045833 0.049074
1 0.014844 0.959259 0.028646 0.081481
