1 0.278646 0.491667 0.050000 0.118519
0 0.468490 0.675463 0.294271 0.649074
1 0.053125 0.964352 0.035417 0.071296
1 0.289583 0.966667 0.037500 0.066667
1 0.355729 0.357870 0.044792 0.065741
1 0.638802 0.482407 0.028646 0.057407
1 0.705208 0.402778 0.039583 0.079630
1 0.667708 0.750000 0.036458 0.055556
1 0.623177 0.626389 0.041146 0.075000
0 0.755729 0.844444 0.150000 0.294444
0 0.779948 0.628704 0.141146 0.229630
1 0.745573 0.420833 0.026562 0.041667
1 0.590625 0.889352 0.019792 0.049074
0 0.847396 0.242593 0.236458 0.379630
0 0.878125 0.614352 0.243750 0.686111
0 0.486979 0.224537 0.292708 0.447222
1 0.194271 0.162963 0.036458 0.122222
1 0.160417 0.139815 0.055208 0.090741
1 0.295573 0.174537 0.041146 0.080556
1 0.877083 0.080093 0.045833 0.049074
1 0.014063 0.974074 0.027083 0.051852
1 0.935156 0.028241 0.026562 0.054630
