1 0.279167 0.507407 0.050000 0.118519
0 0.466406 0.687037 0.295312 0.625926
1 0.292187 0.975463 0.042708 0.049074
1 0.353125 0.367130 0.044792 0.065741
1 0.639323 0.490741 0.028646 0.057407
1 0.708854 0.412963 0.039583 0.079630
1 0.671354 0.764815 0.036458 0.055556
1 0.626823 0.634722 0.041146 0.075000
0 0.758854 0.847222 0.150000 0.294444
0 0.779948 0.628704 0.141146 0.229630
1 0.746615 0.424537 0.026562 0.041667
1 0.590625 0.898611 0.019792 0.049074
0 0.861979 0.236111 0.236458 0.379630
0 0.889844 0.614815 0.220312 0.685185
0 0.493750 0.230556 0.295833 0.459259
1 0.195312 0.168519 0.036458 0.122222
1 0.159896 0.155556 0.055208 0.090741
1 0.299219 0.187500 0.041146 0.080556
1 0.879687 0.087500 0.045833 0.049074
1 0.941146 0.030093 0.031250 0.058333
