1 0.280208 0.507407 0.050000 0.118519
0 0.463802 0.687037 0.295312 0.625926
1 0.356771 0.378241 0.044792 0.065741
1 0.645052 0.501852 0.028646 0.057407
1 0.708854 0.417593 0.039583 0.079630
1 0.674479 0.770370 0.036458 0.055556
1 0.626823 0.639352 0.041146 0.075000
0 0.765625 0.852778 0.150000 0.294444
0 0.783594 0.644444 0.141146 0.229630
1 0.752344 0.438426 0.026562 0.041667
1 0.592708 0.904167 0.019792 0.049074
0 0.861979 0.248148 0.236458 0.379630
0 0.889844 0.614815 0.220312 0.685185
0 0.497135 0.235648 0.300521 0.469444
1 0.197396 0.177778 0.036458 0.122222
1 0.158333 0.161111 0.055208 0.090741
1 0.299219 0.187500 0.041146 0.080556
1 0.882812 0.093056 0.045833 0.049074
1 0.941146 0.037500 0.031250 0.058333
