1 0.285417 0.517593 0.050000 0.118519
0 0.468229 0.690741 0.295833 0.618519
1 0.361458 0.379167 0.044792 0.065741
1 0.645052 0.511111 0.028646 0.057407
1 0.710938 0.425000 0.039583 0.079630
1 0.674479 0.778704 0.036458 0.055556
1 0.630469 0.649537 0.041146 0.075000
0 0.764844 0.855093 0.150521 0.289815
0 0.783594 0.659259 0.141146 0.229630
1 0.751302 0.444907 0.026562 0.041667
1 0.595313 0.915278 0.019792 0.049074
0 0.863021 0.255556 0.236458 0.379630
0 0.889844 0.626852 0.220312 0.685185
0 0.496354 0.239815 0.298958 0.477778
1 0.197396 0.181481 0.036458 0.122222
1 0.160417 0.170370 0.055208 0.090741
1 0.301823 0.199537 0.041146 0.080556
1 0.888542 0.093981 0.045833 0.049074
1 0.941667 0.044907 0.031250 0.058333
