0 0.562760 0.503704 0.382812 0.492593
1 0.183854 0.683333 0.014583 0.048148
1 0.049740 0.428704 0.032813 0.059259
1 0.070573 0.385648 0.021354 0.032407
1 0.168490 0.474074 0.016146 0.024074
1 0.064844 0.677778 0.018229 0.044444
1 0.382292 0.252778 0.014583 0.018519
1 0.048958 0.870370 0.018750 0.046296
1 0.041927 0.920370 0.022396 0.042593
1 0.182292 0.955093 0.018750 0.034259
1 0.312500 0.899537 0.025000 0.063889
1 0.211719 0.821759 0.014063 0.025000
1 0.382292 0.856944 0.013542 0.028704
1 0.528125 0.253241 0.015625 0.028704
1 0.283073 0.034722 0.011979 0.043519
1 0.784896 0.178241 0.027083 0.071296
1 0.760938 0.459259 0.030208 0.074074
1 0.746875 0.814352 0.031250 0.060185
1 0.864844 0.678704 0.016146 0.042593
1 0.683854 0.337963 0.040625 0.040741
