1 0.284375 0.525000 0.050000 0.118519
0 0.472656 0.696759 0.295312 0.606481
1 0.356771 0.387500 0.044792 0.065741
1 0.647656 0.515741 0.028646 0.057407
1 0.713021 0.433333 0.039583 0.079630
1 0.675521 0.792593 0.036458 0.055556
1 0.633073 0.659722 0.041146 0.075000
0 0.766146 0.862037 0.151042 0.275926
0 0.789323 0.667593 0.141146 0.229630
1 0.754948 0.452315 0.026562 0.041667
1 0.596875 0.926389 0.019792 0.049074
0 0.868229 0.262037 0.236458 0.379630
0 0.889844 0.647222 0.220312 0.685185
0 0.498437 0.243981 0.294792 0.486111
1 0.200000 0.191667 0.036458 0.122222
1 0.160417 0.175926 0.055208 0.090741
1 0.301823 0.204167 0.041146 0.080556
1 0.888542 0.106019 0.045833 0.049074
1 0.943750 0.052315 0.031250 0.058333
