1 0.284375 0.539815 0.050000 0.118519
0 0.464844 0.702778 0.297396 0.594444
1 0.356771 0.395833 0.044792 0.065741
1 0.648177 0.532407 0.028646 0.057407
1 0.716146 0.445370 0.039583 0.079630
1 0.677083 0.805556 0.036458 0.055556
1 0.630469 0.672685 0.041146 0.075000
0 0.767188 0.865278 0.145833 0.269444
0 0.787760 0.672222 0.141146 0.229630
1 0.758073 0.460648 0.026562 0.041667
1 0.593229 0.941204 0.019792 0.049074
0 0.868229 0.273148 0.236458 0.379630
0 0.889844 0.657407 0.220312 0.685185
0 0.494531 0.251852 0.297396 0.501852
1 0.200000 0.208333 0.036458 0.122222
1 0.162500 0.188889 0.055208 0.090741
1 0.303385 0.224537 0.041146 0.080556
1 0.890104 0.113426 0.045833 0.049074
1 0.945312 0.063426 0.031250 0.058333
1 0.057292 0.029167 0.042708 0.056481
1 0.711198 0.020370 0.022396 0.038889
