1 0.283333 0.548148 0.050000 0.118519
0 0.467969 0.708796 0.300521 0.582407
1 0.356771 0.411574 0.044792 0.065741
1 0.648177 0.543519 0.028646 0.057407
1 0.715625 0.455556 0.039583 0.079630
1 0.677083 0.817593 0.036458 0.055556
1 0.629948 0.684722 0.041146 0.075000
0 0.769792 0.869907 0.150000 0.260185
0 0.787240 0.684259 0.141146 0.229630
1 0.754427 0.472685 0.026562 0.041667
1 0.594792 0.943981 0.019792 0.049074
0 0.864583 0.283333 0.236458 0.379630
0 0.892969 0.662500 0.214062 0.675000
0 0.495052 0.258333 0.296354 0.514815
1 0.197396 0.216667 0.036458 0.122222
1 0.157812 0.199074 0.055208 0.090741
1 0.301823 0.225463 0.041146 0.080556
1 0.890104 0.125463 0.045833 0.049074
1 0.942708 0.078241 0.031250 0.058333
1 0.057031 0.032407 0.041146 0.062963
1 0.711198 0.020370 0.022396 0.038889
