1 0.279687 0.560185 0.050000 0.118519
0 0.465365 0.718981 0.298438 0.562037
1 0.354687 0.424537 0.044792 0.065741
1 0.648177 0.543519 0.028646 0.057407
1 0.714583 0.467593 0.039583 0.079630
1 0.677083 0.824074 0.036458 0.055556
1 0.629948 0.690278 0.041146 0.075000
0 0.769271 0.881019 0.151042 0.237963
0 0.784635 0.700000 0.141146 0.229630
1 0.755469 0.480093 0.026562 0.041667
1 0.594271 0.956019 0.019792 0.049074
0 0.863542 0.292593 0.236458 0.379630
0 0.895573 0.664352 0.208854 0.671296
0 0.493229 0.262963 0.297917 0.524074
1 0.197396 0.222222 0.036458 0.122222
1 0.157812 0.212963 0.055208 0.090741
1 0.302344 0.245833 0.041146 0.080556
1 0.887500 0.136574 0.045833 0.049074
1 0.944271 0.086574 0.031250 0.058333
1 0.056510 0.038426 0.040104 0.075000
1 0.709115 0.029167 0.024479 0.054630
