1 0.279167 0.575000 0.050000 0.118519
0 0.462760 0.726389 0.299479 0.547222
1 0.352604 0.441204 0.044792 0.065741
1 0.645052 0.561111 0.028646 0.057407
1 0.714583 0.481481 0.039583 0.079630
1 0.676042 0.836111 0.036458 0.055556
1 0.627865 0.703241 0.041146 0.075000
0 0.768490 0.886111 0.152604 0.227778
0 0.783594 0.709259 0.141146 0.229630
1 0.751302 0.496759 0.026562 0.041667
1 0.594271 0.965278 0.019792 0.049074
0 0.861979 0.309259 0.236458 0.379630
0 0.893490 0.675926 0.213021 0.648148
0 0.492969 0.272222 0.297396 0.542593
1 0.195312 0.238889 0.036458 0.122222
1 0.156771 0.224074 0.055208 0.090741
1 0.302344 0.257870 0.041146 0.080556
1 0.886979 0.151389 0.045833 0.049074
1 0.943750 0.095833 0.031250 0.058333
1 0.056510 0.046759 0.040104 0.075000
1 0.710156 0.043056 0.024479 0.054630
