1 0.273958 0.584259 0.050000 0.118519
0 0.461458 0.734722 0.296875 0.530556
1 0.346354 0.446759 0.044792 0.065741
1 0.642969 0.577778 0.028646 0.057407
1 0.708854 0.497222 0.039583 0.079630
1 0.670833 0.854630 0.036458 0.055556
1 0.622656 0.717130 0.041146 0.075000
0 0.760677 0.892593 0.156771 0.214815
0 0.779427 0.725000 0.141146 0.229630
1 0.748177 0.506944 0.026562 0.041667
1 0.587240 0.978704 0.015104 0.042593
0 0.854688 0.317593 0.236458 0.379630
0 0.891146 0.679630 0.217708 0.640741
0 0.489583 0.282407 0.302083 0.559259
1 0.189062 0.250000 0.036458 0.122222
1 0.151562 0.236111 0.055208 0.090741
1 0.295052 0.263426 0.041146 0.080556
1 0.881250 0.156944 0.045833 0.049074
1 0.941146 0.108796 0.031250 0.058333
1 0.053385 0.062500 0.040104 0.075000
1 0.704948 0.051389 0.024479 0.054630
