1 0.272396 0.604630 0.050000 0.118519
0 0.453906 0.740741 0.299479 0.518519
1 0.346354 0.462500 0.044792 0.065741
1 0.634115 0.585185 0.028646 0.057407
1 0.704688 0.512963 0.039583 0.079630
1 0.665104 0.861111 0.036458 0.055556
1 0.615365 0.732870 0.041146 0.075000
0 0.740365 0.898611 0.117188 0.202778
0 0.772135 0.744444 0.141146 0.229630
1 0.744010 0.519907 0.026562 0.041667
0 0.845833 0.336111 0.236458 0.379630
0 0.889583 0.685648 0.220833 0.628704
0 0.482292 0.291667 0.302083 0.559259
1 0.184375 0.261111 0.036458 0.122222
1 0.144271 0.246296 0.055208 0.090741
1 0.289844 0.279167 0.041146 0.080556
1 0.876563 0.176389 0.045833 0.049074
1 0.933854 0.120833 0.031250 0.058333
1 0.047656 0.075463 0.040104 0.075000
1 0.695833 0.073148 0.025000 0.077778
