1 0.264062 0.612037 0.050000 0.118519
0 0.443229 0.743519 0.304167 0.512963
1 0.335417 0.475463 0.044792 0.065741
1 0.625260 0.603704 0.028646 0.057407
1 0.695312 0.518519 0.039583 0.079630
1 0.659375 0.873148 0.036458 0.055556
1 0.610156 0.748611 0.041146 0.075000
0 0.724479 0.904630 0.107292 0.190741
0 0.764844 0.748148 0.141146 0.229630
1 0.738802 0.535648 0.026562 0.041667
0 0.844531 0.350463 0.243229 0.397222
0 0.884375 0.693056 0.231250 0.613889
0 0.471354 0.320370 0.302083 0.559259
1 0.179688 0.275926 0.036458 0.122222
1 0.136979 0.259259 0.055208 0.090741
1 0.285156 0.291204 0.041146 0.080556
1 0.868750 0.182870 0.045833 0.049074
1 0.925521 0.130093 0.031250 0.058333
1 0.040885 0.084722 0.040104 0.075000
1 0.689323 0.082870 0.026562 0.086111
