1 0.255729 0.616667 0.050000 0.118519
0 0.437500 0.750926 0.306250 0.498148
1 0.329688 0.477315 0.044792 0.065741
1 0.619010 0.610185 0.028646 0.057407
1 0.688021 0.527778 0.039583 0.079630
1 0.652604 0.883333 0.036458 0.055556
1 0.606510 0.760648 0.041146 0.075000
0 0.754427 0.764815 0.141146 0.229630
1 0.729948 0.542130 0.026562 0.041667
0 0.835156 0.357870 0.243229 0.397222
0 0.878646 0.693056 0.231250 0.613889
0 0.471875 0.324074 0.302083 0.559259
1 0.171354 0.289815 0.036458 0.122222
1 0.135417 0.273148 0.055208 0.090741
1 0.275260 0.302315 0.041146 0.080556
1 0.864062 0.190278 0.045833 0.049074
1 0.924479 0.142130 0.031250 0.058333
1 0.032292 0.107407 0.051042 0.098148
1 0.598958 0.024537 0.031250 0.047222
