1 0.247396 0.626852 0.050000 0.118519
0 0.432031 0.757407 0.304688 0.485185
1 0.323958 0.489352 0.044792 0.065741
1 0.616406 0.619444 0.028646 0.057407
1 0.681250 0.537037 0.039583 0.079630
1 0.644792 0.890741 0.036458 0.055556
1 0.599740 0.764352 0.041146 0.075000
0 0.744010 0.768519 0.141146 0.229630
1 0.724740 0.551389 0.026562 0.041667
0 0.826302 0.372685 0.243229 0.397222
0 0.866146 0.693056 0.231250 0.613889
0 0.457292 0.334259 0.302083 0.559259
1 0.165625 0.296296 0.036458 0.122222
1 0.126562 0.279630 0.055208 0.090741
1 0.275260 0.311574 0.041146 0.080556
1 0.860938 0.204167 0.045833 0.049074
1 0.913542 0.150463 0.031250 0.058333
1 0.032292 0.107407 0.051042 0.098148
1 0.591667 0.027315 0.031250 0.047222
0 0.775260 0.093519 0.203646 0.185185
