0 0.572135 0.514352 0.382812 0.475000
1 0.088281 0.066667 0.022396 0.081481
1 0.189844 0.033796 0.033854 0.045370
1 0.532552 0.269907 0.018229 0.025000
1 0.055208 0.447222 0.034375 0.061111
1 0.076563 0.403704 0.021875 0.029630
1 0.173958 0.493981 0.015625 0.025000
1 0.191667 0.702778 0.013542 0.038889
1 0.055208 0.888889 0.020833 0.048148
1 0.072656 0.696759 0.019271 0.045370
1 0.386979 0.874074 0.013542 0.029630
1 0.316667 0.914352 0.025000 0.069444
1 0.048177 0.936574 0.022396 0.039815
1 0.188542 0.969444 0.018750 0.033333
1 0.009896 0.951852 0.018750 0.033333
1 0.748698 0.829167 0.031771 0.058333
1 0.762760 0.473148 0.030729 0.075926
1 0.789583 0.194907 0.027083 0.069444
1 0.686979 0.355556 0.038542 0.038889
