1 0.244271 0.648148 0.050000 0.118519
0 0.425521 0.762037 0.300000 0.475926
1 0.320312 0.499537 0.044792 0.065741
1 0.616406 0.619444 0.028646 0.057407
1 0.679167 0.546296 0.039583 0.079630
1 0.638542 0.903704 0.036458 0.055556
1 0.592448 0.773611 0.041146 0.075000
0 0.741927 0.783333 0.141146 0.229630
1 0.720052 0.568056 0.026562 0.041667
0 0.824219 0.370833 0.243229 0.397222
0 0.863542 0.712963 0.229167 0.574074
0 0.451042 0.334259 0.302083 0.559259
1 0.158854 0.312963 0.036458 0.122222
1 0.122917 0.293519 0.055208 0.090741
1 0.266927 0.318056 0.041146 0.080556
1 0.846875 0.219907 0.045833 0.049074
1 0.909896 0.165278 0.031250 0.058333
1 0.025781 0.122222 0.050521 0.098148
1 0.587500 0.039352 0.031250 0.047222
0 0.770833 0.100926 0.207292 0.200000
