1 0.244271 0.648148 0.050000 0.118519
0 0.422656 0.771296 0.299479 0.457407
1 0.314583 0.517130 0.044792 0.065741
1 0.607031 0.647222 0.028646 0.057407
1 0.677083 0.560185 0.039583 0.079630
1 0.636979 0.913889 0.036458 0.055556
1 0.587240 0.781944 0.041146 0.075000
0 0.735156 0.802778 0.141146 0.229630
1 0.714323 0.572685 0.026562 0.041667
0 0.820573 0.392130 0.243229 0.397222
0 0.859375 0.712963 0.229167 0.574074
0 0.451562 0.355556 0.302083 0.559259
1 0.157812 0.318519 0.036458 0.122222
1 0.119271 0.304630 0.055208 0.090741
1 0.257292 0.333796 0.041667 0.080556
1 0.846875 0.226389 0.045833 0.049074
1 0.903125 0.172685 0.031250 0.058333
1 0.025781 0.122222 0.050521 0.098148
1 0.581771 0.050463 0.031250 0.047222
0 0.767448 0.105556 0.209896 0.209259
1 0.483333 0.027778 0.023958 0.042593
