1 0.241667 0.650000 0.050000 0.118519
0 0.419010 0.771296 0.299479 0.457407
1 0.310417 0.520833 0.044792 0.065741
1 0.601823 0.647222 0.028646 0.057407
1 0.673438 0.566667 0.039583 0.079630
1 0.630208 0.915741 0.036458 0.055556
1 0.583594 0.786574 0.041146 0.075000
0 0.732552 0.794444 0.141146 0.229630
1 0.712240 0.578241 0.026562 0.041667
0 0.818490 0.392130 0.243229 0.397222
0 0.859896 0.723148 0.227083 0.553704
0 0.442188 0.356481 0.302083 0.559259
1 0.155208 0.325926 0.036458 0.122222
1 0.115104 0.307407 0.055208 0.090741
1 0.257292 0.333796 0.041667 0.080556
1 0.845833 0.233796 0.045833 0.049074
1 0.900521 0.179167 0.031250 0.058333
1 0.020573 0.141667 0.040104 0.103704
1 0.577604 0.053241 0.031250 0.047222
0 0.762760 0.110185 0.210938 0.218519
1 0.481250 0.027778 0.023958 0.042593
1 0.982292 0.106944 0.035417 0.056481
