1 0.236458 0.663889 0.050000 0.118519
0 0.413802 0.780093 0.300521 0.439815
1 0.306250 0.519907 0.044792 0.065741
1 0.601823 0.647222 0.028646 0.057407
1 0.666146 0.573148 0.039583 0.079630
1 0.627083 0.922222 0.036458 0.055556
1 0.579948 0.797685 0.041146 0.075000
0 0.728906 0.804630 0.141146 0.229630
1 0.706510 0.586574 0.026562 0.041667
0 0.809635 0.391204 0.243229 0.397222
0 0.851562 0.723148 0.227083 0.553704
0 0.436979 0.373148 0.302083 0.559259
1 0.149479 0.335185 0.036458 0.122222
1 0.112500 0.317593 0.055208 0.090741
1 0.255729 0.344907 0.041667 0.080556
1 0.838021 0.241204 0.045833 0.049074
1 0.898438 0.186574 0.031250 0.058333
1 0.017448 0.146296 0.033854 0.094444
1 0.575000 0.065278 0.031250 0.047222
0 0.755729 0.116204 0.211458 0.230556
1 0.477083 0.044444 0.023958 0.042593
1 0.982292 0.118056 0.035417 0.056481
