1 0.234896 0.673148 0.050000 0.118519
0 0.406510 0.780093 0.300521 0.439815
1 0.303646 0.535648 0.044792 0.065741
1 0.595052 0.668519 0.028646 0.057407
1 0.666146 0.573148 0.039583 0.079630
1 0.622396 0.929630 0.036458 0.055556
1 0.577865 0.807870 0.041146 0.075000
0 0.729948 0.815741 0.141146 0.229630
1 0.706510 0.586574 0.026562 0.041667
0 0.809115 0.414352 0.243229 0.397222
0 0.853646 0.727778 0.225000 0.544444
0 0.435677 0.380556 0.296354 0.537037
1 0.144792 0.339815 0.036458 0.122222
1 0.109896 0.327778 0.055208 0.090741
1 0.255208 0.357870 0.041667 0.080556
1 0.838021 0.241204 0.045833 0.049074
1 0.894792 0.194907 0.031250 0.058333
1 0.017188 0.161111 0.033333 0.094444
1 0.570833 0.073611 0.031250 0.047222
0 0.754427 0.121296 0.208854 0.240741
1 0.476042 0.051852 0.023958 0.042593
1 0.980208 0.125463 0.035417 0.056481
1 0.986719 0.190278 0.026562 0.060185
