1 0.232292 0.675926 0.050000 0.118519
0 0.402604 0.789815 0.300000 0.420370
1 0.301563 0.540278 0.044792 0.065741
1 0.590365 0.677778 0.028646 0.057407
1 0.661458 0.588889 0.039583 0.079630
1 0.621875 0.942593 0.036458 0.055556
1 0.575781 0.820833 0.041146 0.075000
0 0.724740 0.817593 0.141146 0.229630
1 0.698698 0.606944 0.026562 0.041667
0 0.803906 0.424537 0.243229 0.397222
0 0.843750 0.734722 0.222917 0.530556
0 0.434635 0.395370 0.296354 0.537037
1 0.143229 0.350926 0.036458 0.122222
1 0.106771 0.338889 0.055208 0.090741
1 0.252604 0.365278 0.041667 0.080556
1 0.832292 0.258796 0.045833 0.049074
1 0.888542 0.209722 0.031250 0.058333
1 0.016927 0.173148 0.032813 0.094444
1 0.567708 0.081944 0.031250 0.047222
0 0.750260 0.127315 0.209896 0.252778
1 0.471354 0.062963 0.023958 0.042593
1 0.975000 0.134722 0.035417 0.056481
1 0.986719 0.202315 0.026562 0.060185
