1 0.229687 0.687037 0.050000 0.118519
0 0.405729 0.794907 0.300000 0.410185
1 0.296354 0.551389 0.044792 0.065741
1 0.587240 0.687037 0.028646 0.057407
1 0.653646 0.599074 0.039583 0.079630
1 0.615104 0.950926 0.036458 0.055556
1 0.570052 0.826389 0.041146 0.075000
0 0.717448 0.829630 0.141146 0.229630
1 0.694531 0.612500 0.026562 0.041667
0 0.796615 0.431019 0.243229 0.397222
0 0.839844 0.740278 0.220312 0.519444
0 0.429427 0.393519 0.296354 0.537037
1 0.141146 0.356481 0.036458 0.122222
1 0.102083 0.341667 0.055208 0.090741
1 0.246354 0.373611 0.041667 0.080556
1 0.827604 0.268056 0.045833 0.049074
1 0.886458 0.219907 0.031250 0.058333
1 0.014844 0.169907 0.028646 0.100926
1 0.566146 0.089352 0.031250 0.047222
0 0.747396 0.129167 0.210417 0.256481
1 0.468750 0.063889 0.023958 0.042593
1 0.971875 0.145833 0.035417 0.056481
1 0.984115 0.206019 0.026562 0.060185
1 0.982031 0.609722 0.035937 0.049074
