1 0.222396 0.693519 0.050000 0.118519
0 0.403385 0.801389 0.298438 0.397222
1 0.293750 0.558796 0.044792 0.065741
1 0.584635 0.691667 0.028646 0.057407
1 0.651563 0.608333 0.039583 0.079630
1 0.612500 0.960185 0.036458 0.055556
1 0.564844 0.831019 0.041146 0.075000
0 0.711198 0.841667 0.141146 0.229630
1 0.692969 0.626389 0.026562 0.041667
0 0.792969 0.448611 0.243229 0.397222
0 0.840885 0.740278 0.220312 0.519444
0 0.423698 0.417593 0.296354 0.537037
1 0.138021 0.371296 0.036458 0.122222
1 0.098437 0.354630 0.055208 0.090741
1 0.244271 0.388426 0.041667 0.080556
1 0.825521 0.281019 0.045833 0.049074
1 0.881771 0.229167 0.031250 0.058333
1 0.563021 0.102315 0.031250 0.047222
0 0.744271 0.135185 0.214583 0.268519
1 0.465625 0.075000 0.023958 0.042593
1 0.969792 0.148611 0.035417 0.056481
1 0.978906 0.218981 0.026562 0.060185
1 0.982031 0.609722 0.035937 0.049074
1 0.076563 0.026852 0.037500 0.051852
