1 0.216667 0.707407 0.050000 0.118519
0 0.405469 0.804630 0.297396 0.390741
1 0.290104 0.568056 0.044792 0.065741
1 0.582031 0.699074 0.028646 0.057407
1 0.646354 0.620370 0.039583 0.079630
1 0.607812 0.968519 0.036458 0.055556
1 0.562240 0.839352 0.041146 0.075000
0 0.708594 0.852778 0.141146 0.229630
1 0.688281 0.631019 0.026562 0.041667
0 0.791927 0.446759 0.243229 0.397222
0 0.831250 0.749074 0.221875 0.501852
0 0.420052 0.411111 0.296354 0.537037
1 0.136458 0.375926 0.036458 0.122222
1 0.095312 0.362963 0.055208 0.090741
1 0.242708 0.394907 0.041667 0.080556
1 0.822396 0.291204 0.045833 0.049074
1 0.880208 0.235648 0.031250 0.058333
1 0.557813 0.108796 0.031250 0.047222
0 0.743229 0.141667 0.221875 0.281481
1 0.460938 0.086111 0.023958 0.042593
1 0.967187 0.163426 0.035417 0.056481
1 0.976302 0.227315 0.026562 0.060185
1 0.977344 0.625463 0.035937 0.049074
1 0.071354 0.026852 0.037500 0.051852
