1 0.214062 0.721296 0.050000 0.118519
0 0.399479 0.807870 0.281250 0.384259
1 0.285938 0.586574 0.044792 0.065741
1 0.579948 0.709259 0.028646 0.057407
1 0.641667 0.628704 0.039583 0.079630
1 0.605208 0.972222 0.036458 0.055556
1 0.558594 0.849537 0.041146 0.075000
0 0.701823 0.860185 0.141146 0.229630
1 0.684115 0.645833 0.026562 0.041667
0 0.789323 0.465278 0.243229 0.397222
0 0.825260 0.755556 0.218229 0.488889
0 0.415365 0.435185 0.296354 0.537037
1 0.132812 0.388889 0.036458 0.122222
1 0.091667 0.372222 0.055208 0.090741
1 0.231771 0.403241 0.041667 0.080556
1 0.817708 0.294907 0.045833 0.049074
1 0.875521 0.240278 0.031250 0.058333
1 0.552604 0.117130 0.031250 0.047222
0 0.738542 0.145833 0.223958 0.289815
1 0.457292 0.094444 0.023958 0.042593
1 0.964583 0.173611 0.035417 0.056481
1 0.973698 0.234722 0.027604 0.058333
1 0.975260 0.633796 0.035937 0.049074
1 0.069792 0.040741 0.034375 0.061111
