0 0.576302 0.531944 0.382812 0.480556
1 0.195833 0.721759 0.014583 0.043519
1 0.093750 0.085648 0.023958 0.084259
1 0.195312 0.054167 0.035417 0.045370
1 0.062240 0.465741 0.032813 0.057407
1 0.082292 0.419444 0.018750 0.035185
1 0.197135 0.371759 0.015104 0.021296
1 0.014844 0.968519 0.019271 0.038889
1 0.322135 0.929630 0.026562 0.064815
1 0.391667 0.888426 0.014583 0.026852
1 0.131510 0.943519 0.014063 0.027778
1 0.061198 0.902778 0.019271 0.046296
1 0.053125 0.950926 0.022917 0.044444
1 0.011719 0.856019 0.021354 0.049074
1 0.078385 0.711111 0.018229 0.044444
1 0.180729 0.509722 0.013542 0.023148
1 0.215104 0.802315 0.010417 0.023148
1 0.768490 0.492130 0.028646 0.069444
1 0.692708 0.373148 0.039583 0.040741
1 0.793490 0.211574 0.027604 0.071296
1 0.537240 0.288426 0.017188 0.023148
