1 0.212500 0.725926 0.050000 0.118519
0 0.389583 0.814815 0.279167 0.370370
1 0.283333 0.593056 0.044792 0.065741
1 0.576302 0.719444 0.028646 0.057407
1 0.640104 0.634259 0.039583 0.079630
1 0.602604 0.978704 0.031250 0.042593
1 0.558594 0.857870 0.041146 0.075000
0 0.697656 0.875926 0.141146 0.229630
1 0.682552 0.651389 0.026562 0.041667
0 0.790885 0.479167 0.243229 0.397222
0 0.823958 0.761111 0.219792 0.477778
0 0.407031 0.443519 0.296354 0.537037
1 0.131771 0.401852 0.036458 0.122222
1 0.089583 0.385185 0.055208 0.090741
1 0.231771 0.407870 0.041667 0.080556
1 0.817708 0.305093 0.045833 0.049074
1 0.874479 0.246759 0.031250 0.058333
1 0.550521 0.120833 0.031250 0.047222
0 0.738021 0.154167 0.223958 0.289815
1 0.454688 0.094444 0.023958 0.042593
1 0.961979 0.175463 0.035417 0.056481
1 0.971615 0.245833 0.027604 0.058333
1 0.972656 0.642130 0.035937 0.049074
1 0.063021 0.040741 0.034375 0.061111
