1 0.208333 0.728704 0.050000 0.118519
0 0.391667 0.818519 0.275000 0.362963
1 0.282813 0.596759 0.044792 0.065741
1 0.574219 0.723148 0.028646 0.057407
1 0.637500 0.642593 0.039583 0.079630
1 0.555469 0.868056 0.041146 0.075000
1 0.680990 0.659722 0.026562 0.041667
0 0.782552 0.484722 0.243229 0.397222
0 0.825521 0.761111 0.219792 0.477778
0 0.412760 0.454630 0.296354 0.537037
1 0.127083 0.408333 0.036458 0.122222
1 0.085938 0.386111 0.055208 0.090741
1 0.231771 0.412500 0.041667 0.080556
1 0.816146 0.306019 0.045833 0.049074
1 0.873437 0.255093 0.031250 0.058333
1 0.550521 0.133796 0.031250 0.047222
0 0.731771 0.154167 0.223958 0.289815
1 0.453646 0.105556 0.023958 0.042593
1 0.960938 0.187500 0.035417 0.056481
1 0.972135 0.249537 0.027604 0.058333
1 0.971615 0.648611 0.035937 0.049074
1 0.064062 0.048148 0.034375 0.061111
0 0.365104 0.087037 0.127083 0.172222
