1 0.208333 0.733333 0.050000 0.118519
0 0.392188 0.823611 0.277083 0.352778
1 0.282292 0.603241 0.044792 0.065741
1 0.572656 0.731481 0.028646 0.057407
1 0.637500 0.642593 0.039583 0.079630
1 0.555469 0.873611 0.041146 0.075000
1 0.680990 0.659722 0.026562 0.041667
0 0.782552 0.473611 0.243229 0.397222
0 0.827865 0.766204 0.217188 0.467593
0 0.408594 0.450926 0.296354 0.537037
1 0.123958 0.410185 0.036458 0.122222
1 0.084375 0.394444 0.055208 0.090741
1 0.230208 0.418981 0.041667 0.080556
1 0.814583 0.317130 0.045833 0.049074
1 0.873437 0.256944 0.031250 0.058333
1 0.550521 0.139352 0.031250 0.047222
0 0.736979 0.163426 0.223958 0.289815
1 0.452083 0.113889 0.023958 0.042593
1 0.960938 0.187500 0.035417 0.056481
1 0.970052 0.253241 0.027604 0.058333
1 0.971615 0.656019 0.035937 0.049074
1 0.064062 0.048148 0.034375 0.061111
0 0.366927 0.090278 0.127604 0.178704
1 0.499479 0.045833 0.063542 0.089815
