1 0.208854 0.741667 0.050000 0.118519
0 0.390104 0.826389 0.277083 0.347222
1 0.572656 0.735185 0.028646 0.057407
1 0.636979 0.650926 0.039583 0.079630
1 0.554948 0.881019 0.041146 0.075000
1 0.680990 0.666204 0.026562 0.041667
0 0.783073 0.490278 0.243229 0.397222
0 0.826042 0.770833 0.226042 0.458333
0 0.412760 0.457407 0.296354 0.537037
1 0.126042 0.415741 0.036458 0.122222
1 0.084896 0.398148 0.055208 0.090741
1 0.229167 0.427315 0.041667 0.080556
1 0.813021 0.322685 0.045833 0.049074
1 0.873437 0.273611 0.031250 0.058333
1 0.552083 0.143056 0.031250 0.047222
0 0.732812 0.163426 0.223958 0.289815
1 0.448437 0.123148 0.023958 0.042593
1 0.960417 0.197685 0.035417 0.056481
1 0.971094 0.264352 0.027604 0.058333
1 0.971094 0.659722 0.035937 0.049074
1 0.063542 0.064815 0.034375 0.061111
0 0.366406 0.090278 0.127604 0.178704
1 0.500000 0.048148 0.066667 0.094444
1 0.284635 0.607407 0.036979 0.059259
