1 0.206250 0.749074 0.050000 0.118519
0 0.394792 0.831944 0.278125 0.336111
1 0.573177 0.745370 0.028646 0.057407
1 0.639062 0.662963 0.039583 0.079630
1 0.554427 0.886574 0.041146 0.075000
0 0.781510 0.490278 0.243229 0.397222
0 0.829688 0.770833 0.226042 0.458333
0 0.411198 0.472222 0.296354 0.537037
1 0.126042 0.425926 0.036458 0.122222
1 0.085938 0.412037 0.055208 0.090741
1 0.230208 0.435648 0.041667 0.080556
1 0.813021 0.332870 0.045833 0.049074
1 0.873437 0.273611 0.031250 0.058333
1 0.552083 0.155093 0.031250 0.047222
0 0.734375 0.181019 0.223958 0.289815
1 0.448437 0.128704 0.023958 0.042593
1 0.960417 0.197685 0.035417 0.056481
1 0.971094 0.268056 0.027604 0.058333
1 0.970573 0.674537 0.035937 0.049074
1 0.063542 0.064815 0.034375 0.061111
0 0.363542 0.096296 0.129167 0.190741
1 0.501823 0.053241 0.069271 0.104630
1 0.284635 0.612037 0.036979 0.059259
1 0.682552 0.675463 0.022396 0.032407
