1 0.207292 0.769444 0.050000 0.118519
0 0.395313 0.837963 0.281250 0.324074
1 0.575260 0.760185 0.028646 0.057407
1 0.637500 0.669444 0.039583 0.079630
1 0.555990 0.900463 0.041146 0.075000
0 0.788281 0.511574 0.243229 0.397222
0 0.826562 0.780556 0.225000 0.438889
0 0.408594 0.478704 0.296354 0.537037
1 0.126042 0.431481 0.036458 0.122222
1 0.085938 0.419444 0.055208 0.090741
1 0.228125 0.441204 0.041667 0.080556
1 0.815625 0.341204 0.045833 0.049074
1 0.873437 0.288426 0.031250 0.058333
1 0.550000 0.163426 0.031250 0.047222
0 0.732292 0.186574 0.223958 0.289815
1 0.448958 0.139815 0.023958 0.042593
1 0.959896 0.218056 0.035417 0.056481
1 0.971094 0.283796 0.027604 0.058333
1 0.972135 0.678241 0.035937 0.049074
1 0.064583 0.079630 0.034375 0.061111
0 0.365885 0.101852 0.123438 0.201852
1 0.501823 0.059722 0.069271 0.104630
1 0.284635 0.628704 0.036979 0.059259
1 0.681510 0.684722 0.022396 0.032407
