1 0.210417 0.776852 0.050000 0.118519
0 0.398958 0.845833 0.280208 0.308333
1 0.577865 0.769444 0.028646 0.057407
1 0.637500 0.683333 0.039583 0.079630
1 0.559115 0.915278 0.041146 0.075000
0 0.787760 0.529167 0.243229 0.397222
0 0.834896 0.787500 0.215625 0.425000
0 0.415625 0.487963 0.297917 0.551852
1 0.126042 0.447222 0.036458 0.122222
1 0.089583 0.436111 0.055208 0.090741
1 0.227604 0.458796 0.041667 0.080556
1 0.815625 0.354167 0.045833 0.049074
1 0.873437 0.295833 0.031250 0.058333
1 0.554688 0.178241 0.031250 0.047222
0 0.736979 0.202315 0.223958 0.289815
1 0.449479 0.152778 0.023958 0.042593
1 0.961458 0.231944 0.035417 0.056481
1 0.973177 0.296759 0.027604 0.058333
1 0.973698 0.701389 0.035937 0.049074
1 0.065625 0.085185 0.034375 0.061111
0 0.367708 0.106944 0.121875 0.212037
1 0.503906 0.071759 0.069271 0.104630
1 0.288281 0.641667 0.036979 0.059259
1 0.684635 0.696759 0.022396 0.032407
