1 0.219792 0.791667 0.050000 0.118519
0 0.404167 0.854630 0.272917 0.290741
1 0.578385 0.784259 0.028646 0.057407
1 0.639583 0.699074 0.039583 0.079630
1 0.560677 0.927315 0.041146 0.075000
0 0.790365 0.540278 0.243229 0.397222
0 0.831250 0.792593 0.230208 0.414815
0 0.414062 0.511111 0.297917 0.551852
1 0.130208 0.458333 0.036458 0.122222
1 0.092188 0.454630 0.055208 0.090741
1 0.235417 0.481019 0.041667 0.080556
1 0.819792 0.371759 0.045833 0.049074
1 0.873958 0.318056 0.031250 0.058333
1 0.555729 0.193056 0.031250 0.047222
0 0.735938 0.218056 0.223958 0.289815
1 0.458854 0.166667 0.023958 0.042593
1 0.960938 0.252315 0.035417 0.056481
1 0.971615 0.310648 0.027604 0.058333
1 0.973698 0.701389 0.035937 0.049074
1 0.070312 0.104630 0.034375 0.061111
0 0.371615 0.118981 0.121354 0.236111
1 0.505208 0.084259 0.064583 0.109259
1 0.295573 0.655556 0.036979 0.059259
1 0.684635 0.714352 0.022396 0.032407
