1 0.217188 0.816667 0.050000 0.118519
0 0.410417 0.864815 0.260417 0.270370
1 0.579948 0.804630 0.028646 0.057407
1 0.639583 0.721296 0.039583 0.079630
1 0.561719 0.943056 0.041146 0.075000
0 0.790365 0.562500 0.243229 0.397222
0 0.825521 0.806481 0.226042 0.387037
0 0.419792 0.525926 0.296875 0.557407
1 0.134375 0.479630 0.036458 0.122222
1 0.094271 0.471296 0.055208 0.090741
1 0.238021 0.499537 0.041667 0.080556
1 0.820312 0.391204 0.045833 0.049074
1 0.872917 0.338426 0.031250 0.058333
1 0.557292 0.214352 0.031250 0.047222
0 0.742708 0.235648 0.223958 0.289815
1 0.461979 0.183333 0.023958 0.042593
1 0.959896 0.270833 0.035417 0.056481
1 0.972656 0.331944 0.027604 0.058333
1 0.974219 0.731019 0.035937 0.049074
1 0.071354 0.129630 0.034375 0.061111
0 0.374479 0.129630 0.122917 0.257407
1 0.507292 0.113889 0.064583 0.109259
1 0.296094 0.672222 0.036979 0.059259
1 0.684635 0.732870 0.022396 0.032407
