1 0.214583 0.833333 0.050000 0.118519
1 0.578906 0.820370 0.028646 0.057407
1 0.640104 0.746296 0.039583 0.079630
1 0.560156 0.962500 0.041146 0.075000
0 0.789844 0.585648 0.243229 0.397222
0 0.828385 0.817130 0.229687 0.365741
0 0.422396 0.553704 0.296875 0.557407
1 0.134896 0.506481 0.036458 0.122222
1 0.095312 0.488889 0.055208 0.090741
1 0.242188 0.524537 0.041667 0.080556
1 0.817708 0.410648 0.045833 0.049074
1 0.874479 0.356019 0.031250 0.058333
1 0.554167 0.236574 0.031250 0.047222
0 0.737500 0.257870 0.223958 0.289815
1 0.961458 0.288426 0.035417 0.056481
1 0.969010 0.354167 0.027604 0.058333
1 0.972135 0.746759 0.035937 0.049074
1 0.071875 0.146296 0.034375 0.061111
0 0.411458 0.139815 0.200000 0.277778
1 0.295052 0.693519 0.036979 0.059259
1 0.685677 0.759722 0.022396 0.032407
0 0.410677 0.878241 0.254688 0.243519
1 0.455990 0.207870 0.025521 0.039815
1 0.605729 0.032870 0.035417 0.063889
