0 0.435156 0.399537 0.241146 0.556481
0 0.469792 0.723148 0.305208 0.429630
1 0.811458 0.793981 0.041667 0.067593
1 0.728125 0.339815 0.050000 0.085185
1 0.691146 0.478704 0.037500 0.075926
1 0.647917 0.421296 0.037500 0.094444
1 0.345573 0.897222 0.046354 0.112963
1 0.695052 0.714352 0.035937 0.102778
1 0.865625 0.293056 0.030208 0.056481
1 0.093229 0.338426 0.037500 0.058333
1 0.213281 0.810185 0.030729 0.070370
1 0.727604 0.790278 0.025000 0.047222
1 0.390104 0.313889 0.032292 0.057407
1 0.435156 0.168056 0.042188 0.036111
1 0.689063 0.157870 0.026042 0.062037
