0 0.583333 0.545370 0.389583 0.490741
1 0.202344 0.731019 0.018229 0.047222
1 0.200521 0.064352 0.032292 0.045370
1 0.099479 0.096296 0.022917 0.081481
1 0.069010 0.475463 0.035937 0.060185
1 0.088542 0.430556 0.019792 0.033333
1 0.398958 0.900000 0.013542 0.029630
1 0.067708 0.913426 0.019792 0.045370
1 0.060937 0.964815 0.023958 0.044444
1 0.021354 0.977315 0.022917 0.037963
1 0.330208 0.943056 0.025000 0.069444
1 0.083854 0.725000 0.020833 0.040741
1 0.186458 0.521759 0.017708 0.025000
1 0.759635 0.861111 0.033854 0.074074
1 0.875781 0.720370 0.016146 0.048148
1 0.774479 0.503241 0.028125 0.073148
1 0.698438 0.383796 0.037500 0.037963
1 0.542969 0.296296 0.018229 0.022222
1 0.798698 0.222685 0.027604 0.078704
1 0.928906 0.036574 0.036979 0.065741
