1 0.213021 0.850926 0.050000 0.118519
1 0.575781 0.845370 0.028646 0.057407
1 0.641667 0.771296 0.039583 0.079630
0 0.785156 0.612500 0.243229 0.397222
0 0.825521 0.825000 0.215625 0.350000
0 0.420833 0.579630 0.296875 0.557407
1 0.130729 0.536111 0.036458 0.122222
1 0.092188 0.520370 0.055208 0.090741
1 0.242188 0.524537 0.041667 0.080556
1 0.817708 0.431944 0.045833 0.049074
1 0.872396 0.382870 0.031250 0.058333
1 0.555729 0.256944 0.031250 0.047222
0 0.741146 0.293981 0.223958 0.289815
1 0.960417 0.318056 0.035417 0.056481
1 0.968490 0.378241 0.027604 0.058333
1 0.972135 0.768056 0.035937 0.049074
1 0.072396 0.172222 0.034375 0.061111
0 0.410677 0.152778 0.202604 0.303704
1 0.294010 0.719444 0.036979 0.059259
1 0.683594 0.779167 0.022396 0.032407
0 0.407031 0.890741 0.256771 0.218519
1 0.459115 0.228241 0.025521 0.039815
1 0.601562 0.052315 0.035417 0.063889
1 0.786719 0.031019 0.057813 0.060185
