1 0.213021 0.887963 0.050000 0.118519
1 0.574740 0.872222 0.028646 0.057407
1 0.639062 0.790741 0.039583 0.079630
0 0.783073 0.635648 0.243229 0.397222
0 0.815625 0.837963 0.215625 0.324074
0 0.413542 0.600926 0.296875 0.557407
1 0.129688 0.560185 0.036458 0.122222
1 0.090104 0.544444 0.055208 0.090741
1 0.231771 0.560648 0.041667 0.080556
1 0.817708 0.456944 0.045833 0.049074
1 0.870833 0.406944 0.031250 0.058333
1 0.553125 0.278241 0.031250 0.047222
0 0.731771 0.313426 0.223958 0.289815
1 0.958854 0.334722 0.035417 0.056481
1 0.966927 0.401389 0.027604 0.058333
1 0.969010 0.787500 0.035937 0.049074
1 0.067187 0.195370 0.034375 0.061111
0 0.407292 0.164815 0.205208 0.327778
1 0.286198 0.747222 0.036979 0.059259
1 0.680469 0.801389 0.022396 0.032407
0 0.405729 0.906944 0.259375 0.186111
1 0.453385 0.252315 0.025521 0.039815
1 0.599479 0.073611 0.035417 0.063889
1 0.785677 0.045833 0.057813 0.060185
1 0.060156 0.047222 0.043229 0.092593
