1 0.210938 0.900926 0.050000 0.118519
1 0.567448 0.898148 0.028646 0.057407
1 0.633333 0.804630 0.039583 0.079630
0 0.776823 0.661574 0.243229 0.397222
0 0.816406 0.854167 0.206771 0.291667
0 0.410417 0.628704 0.296875 0.557407
1 0.125000 0.576852 0.036458 0.122222
1 0.084375 0.569444 0.055208 0.090741
1 0.228646 0.589352 0.041667 0.080556
1 0.811979 0.486574 0.045833 0.049074
1 0.865104 0.428241 0.031250 0.058333
1 0.546875 0.305093 0.031250 0.047222
0 0.729167 0.339352 0.223958 0.289815
1 0.954167 0.356944 0.035417 0.056481
1 0.962240 0.424074 0.027604 0.059259
1 0.964844 0.809722 0.035937 0.049074
1 0.063542 0.218519 0.034375 0.061111
0 0.406771 0.177778 0.209375 0.353704
1 0.286198 0.771296 0.036979 0.059259
1 0.673698 0.819907 0.022396 0.032407
1 0.448698 0.277315 0.025521 0.039815
1 0.596354 0.094907 0.035417 0.063889
1 0.784115 0.068981 0.057813 0.060185
1 0.055990 0.064815 0.043229 0.092593
1 0.025781 0.040741 0.031771 0.079630
1 0.245312 0.026389 0.023958 0.050926
