1 0.206771 0.922222 0.050000 0.118519
1 0.566406 0.914815 0.028646 0.057407
1 0.631771 0.829630 0.039583 0.079630
0 0.776823 0.679167 0.243229 0.397222
0 0.809896 0.866667 0.200000 0.266667
0 0.409896 0.645370 0.296875 0.557407
1 0.120313 0.599074 0.036458 0.122222
1 0.083333 0.587037 0.055208 0.090741
1 0.227604 0.615741 0.046875 0.079630
1 0.810937 0.504167 0.045833 0.049074
1 0.861979 0.449537 0.031250 0.058333
1 0.544792 0.324537 0.031250 0.047222
0 0.728646 0.356019 0.223958 0.289815
1 0.950521 0.378241 0.035417 0.056481
1 0.957031 0.444444 0.027604 0.059259
1 0.961719 0.845833 0.035937 0.049074
1 0.060417 0.238889 0.034375 0.061111
0 0.401562 0.195370 0.209375 0.388889
1 0.279427 0.785185 0.036979 0.059259
1 0.671094 0.845833 0.022396 0.032407
1 0.445573 0.293981 0.025521 0.039815
1 0.593750 0.114352 0.035417 0.063889
1 0.779427 0.090278 0.057813 0.060185
1 0.053906 0.091667 0.043229 0.092593
1 0.026823 0.067593 0.031771 0.079630
1 0.240625 0.045833 0.023958 0.050926
