1 0.205729 0.940741 0.050000 0.118519
1 0.562760 0.935185 0.028646 0.057407
1 0.628646 0.854630 0.039583 0.079630
0 0.773698 0.703241 0.243229 0.397222
0 0.808854 0.877315 0.203125 0.245370
0 0.403646 0.670370 0.296875 0.557407
1 0.116146 0.622222 0.036458 0.122222
1 0.083854 0.612963 0.055208 0.090741
1 0.222917 0.630556 0.046875 0.079630
1 0.811979 0.523611 0.045833 0.049074
1 0.860417 0.468981 0.031250 0.058333
1 0.542188 0.340278 0.031250 0.047222
0 0.725781 0.371759 0.221354 0.302778
1 0.950521 0.400463 0.035417 0.056481
1 0.957031 0.464815 0.027604 0.059259
1 0.959115 0.860648 0.035937 0.049074
1 0.058854 0.260185 0.034375 0.061111
0 0.398438 0.197685 0.209375 0.393519
1 0.277344 0.810185 0.036979 0.059259
1 0.668490 0.862500 0.022396 0.032407
1 0.445573 0.293981 0.025521 0.039815
1 0.591146 0.137500 0.035417 0.063889
1 0.776823 0.111574 0.057813 0.060185
1 0.047656 0.113889 0.043229 0.092593
1 0.025781 0.078704 0.031771 0.079630
1 0.239063 0.065278 0.023958 0.050926
