1 0.202865 0.947685 0.049479 0.104630
1 0.561719 0.954630 0.028646 0.057407
1 0.629167 0.864815 0.039583 0.079630
0 0.774740 0.720833 0.243229 0.397222
0 0.810417 0.890278 0.204167 0.219444
0 0.401562 0.684259 0.296875 0.557407
1 0.114583 0.629630 0.036458 0.122222
1 0.080208 0.625000 0.055208 0.090741
1 0.225000 0.643519 0.046875 0.079630
1 0.809375 0.540278 0.045833 0.049074
1 0.859375 0.477315 0.031250 0.058333
1 0.540625 0.354167 0.031250 0.047222
0 0.722656 0.384722 0.221354 0.302778
1 0.950000 0.410648 0.035417 0.056481
1 0.959115 0.477778 0.027604 0.059259
1 0.962760 0.881019 0.035937 0.049074
1 0.056771 0.278704 0.034375 0.061111
0 0.399219 0.205556 0.203646 0.409259
1 0.276302 0.826852 0.036979 0.059259
1 0.669531 0.882870 0.022396 0.032407
1 0.439323 0.328241 0.025521 0.039815
1 0.589583 0.151389 0.035417 0.063889
1 0.776823 0.117130 0.057813 0.060185
1 0.047135 0.120370 0.043229 0.092593
1 0.022656 0.100926 0.031771 0.079630
1 0.236458 0.076389 0.023958 0.050926
