1 0.559115 0.971296 0.028646 0.057407
1 0.627083 0.890741 0.039583 0.079630
0 0.772135 0.736574 0.243229 0.397222
0 0.395313 0.708333 0.296875 0.557407
1 0.110417 0.662037 0.036458 0.122222
1 0.075521 0.653704 0.055208 0.090741
1 0.806771 0.556019 0.045833 0.049074
1 0.858333 0.500463 0.031250 0.058333
1 0.537500 0.377315 0.031250 0.047222
0 0.721615 0.401389 0.221354 0.302778
1 0.947396 0.439352 0.035417 0.056481
1 0.956510 0.499074 0.027604 0.059259
1 0.960677 0.889352 0.035937 0.049074
1 0.051562 0.294444 0.034375 0.061111
0 0.392448 0.217593 0.203646 0.433333
1 0.273698 0.846296 0.036979 0.059259
1 0.666927 0.903241 0.022396 0.032407
1 0.439323 0.328241 0.025521 0.039815
1 0.586458 0.169907 0.035417 0.063889
1 0.772656 0.143981 0.057813 0.060185
1 0.042448 0.143056 0.044271 0.108333
1 0.017708 0.122222 0.034375 0.077778
1 0.234896 0.101389 0.023958 0.050926
1 0.514583 0.040741 0.052083 0.079630
