1 0.625521 0.922222 0.039583 0.079630
0 0.769531 0.769907 0.239063 0.413889
0 0.397135 0.727778 0.297396 0.544444
1 0.110937 0.687037 0.036458 0.122222
1 0.075521 0.680556 0.055208 0.090741
1 0.806771 0.556019 0.045833 0.049074
1 0.856771 0.528241 0.031250 0.058333
1 0.534896 0.406019 0.031250 0.047222
0 0.718490 0.432870 0.221354 0.302778
1 0.945312 0.460648 0.035417 0.056481
1 0.955990 0.529630 0.027604 0.059259
1 0.958073 0.928241 0.035937 0.049074
1 0.052083 0.327778 0.034375 0.061111
0 0.392188 0.232407 0.201042 0.462963
1 0.274740 0.880556 0.036979 0.059259
1 0.667448 0.928241 0.022396 0.032407
1 0.583854 0.194907 0.035417 0.063889
1 0.769531 0.169907 0.057813 0.060185
1 0.046875 0.184259 0.044792 0.109259
1 0.020313 0.148148 0.034375 0.077778
1 0.232292 0.133796 0.028125 0.045370
1 0.513802 0.062037 0.052604 0.096296
