1 0.625000 0.937963 0.039583 0.079630
0 0.771615 0.793056 0.239063 0.413889
0 0.401562 0.743056 0.297917 0.513889
1 0.115625 0.722222 0.036458 0.122222
1 0.078646 0.710185 0.055208 0.090741
1 0.859896 0.555093 0.031250 0.058333
1 0.538021 0.439352 0.031250 0.047222
0 0.715365 0.447685 0.221354 0.302778
1 0.950000 0.493981 0.035417 0.056481
1 0.956510 0.560185 0.027604 0.059259
1 0.957031 0.957870 0.035937 0.049074
1 0.056250 0.357407 0.034375 0.061111
0 0.373698 0.252315 0.245312 0.502778
1 0.277344 0.905556 0.036979 0.059259
1 0.670573 0.955093 0.022396 0.032407
1 0.588021 0.231019 0.035417 0.063889
1 0.771615 0.204167 0.057813 0.060185
1 0.047656 0.206481 0.045312 0.109259
1 0.025000 0.180556 0.034375 0.077778
1 0.235417 0.167130 0.028125 0.045370
1 0.512760 0.095370 0.052604 0.096296
0 0.848958 0.093519 0.198958 0.185185
