1 0.633073 0.966204 0.032813 0.067593
0 0.770052 0.808796 0.231771 0.382407
0 0.407813 0.759722 0.300000 0.480556
1 0.120313 0.750926 0.036458 0.122222
1 0.084896 0.745370 0.055208 0.090741
1 0.862500 0.581019 0.031250 0.058333
1 0.542708 0.465278 0.031250 0.047222
0 0.724740 0.491204 0.221354 0.302778
1 0.947917 0.514352 0.035417 0.056481
1 0.958594 0.587037 0.027604 0.059259
1 0.963802 0.975463 0.035937 0.049074
1 0.061719 0.388889 0.034896 0.061111
0 0.403125 0.266204 0.202083 0.530556
1 0.284635 0.930556 0.036979 0.059259
1 0.676302 0.983796 0.022396 0.032407
1 0.589583 0.258796 0.035417 0.063889
1 0.774219 0.227315 0.057813 0.060185
1 0.054688 0.239815 0.045833 0.109259
1 0.030729 0.205556 0.034375 0.077778
1 0.240625 0.195833 0.028125 0.045370
1 0.517969 0.125000 0.052604 0.096296
0 0.851042 0.111574 0.193750 0.221296
