0 0.592448 0.558796 0.381771 0.482407
0 0.508594 0.159259 0.299479 0.307407
1 0.109375 0.115278 0.023958 0.084259
1 0.076823 0.488426 0.033854 0.058333
1 0.097135 0.445370 0.019271 0.033333
1 0.209115 0.081019 0.032813 0.045370
1 0.027604 0.880556 0.023958 0.044444
1 0.038281 0.757870 0.018229 0.032407
1 0.211198 0.743981 0.016146 0.043519
1 0.077083 0.929630 0.018750 0.050000
1 0.068750 0.976389 0.021875 0.039815
1 0.337760 0.956481 0.024479 0.064815
1 0.406510 0.912963 0.014063 0.031481
1 0.195573 0.534722 0.018229 0.025000
1 0.551042 0.311111 0.017708 0.020370
1 0.805729 0.237963 0.027083 0.079630
1 0.935677 0.051852 0.036979 0.061111
1 0.783594 0.517130 0.030729 0.076852
1 0.707031 0.399074 0.039062 0.040741
1 0.768490 0.870370 0.034896 0.064815
