0 0.780990 0.822685 0.233854 0.354630
0 0.412240 0.774074 0.299479 0.451852
1 0.129167 0.779630 0.036458 0.122222
1 0.094792 0.774074 0.055208 0.090741
1 0.868229 0.612500 0.031250 0.058333
1 0.550000 0.492130 0.031250 0.047222
0 0.728906 0.522685 0.221354 0.302778
1 0.952604 0.547685 0.035417 0.056481
1 0.963281 0.613889 0.027604 0.059259
1 0.066927 0.416667 0.034896 0.061111
0 0.407813 0.278241 0.200000 0.554630
1 0.288802 0.961111 0.036979 0.059259
1 0.595313 0.284722 0.035417 0.063889
1 0.777865 0.256944 0.057813 0.060185
1 0.057813 0.268519 0.045833 0.109259
1 0.035417 0.248148 0.034375 0.077778
1 0.247396 0.226389 0.028125 0.045370
1 0.525260 0.152778 0.052604 0.096296
0 0.853646 0.125926 0.189583 0.248148
