0 0.783073 0.831481 0.228646 0.337037
0 0.418490 0.788426 0.296354 0.423148
1 0.132292 0.807407 0.036458 0.122222
1 0.099479 0.802778 0.055208 0.090741
1 0.870313 0.635648 0.031250 0.058333
1 0.550781 0.519907 0.032813 0.065741
0 0.732552 0.543056 0.221354 0.302778
1 0.955208 0.571759 0.035417 0.056481
1 0.963802 0.636111 0.027604 0.059259
1 0.071615 0.445370 0.034896 0.061111
0 0.414062 0.293981 0.197917 0.586111
1 0.598958 0.317130 0.035417 0.063889
1 0.065625 0.298148 0.045833 0.109259
1 0.040104 0.275926 0.034375 0.077778
1 0.251563 0.249537 0.028125 0.045370
1 0.526823 0.182407 0.052604 0.096296
0 0.857292 0.143056 0.189583 0.284259
