0 0.788281 0.845370 0.233854 0.309259
0 0.423438 0.799074 0.296875 0.401852
1 0.137500 0.832407 0.036458 0.122222
1 0.099479 0.831481 0.055208 0.090741
1 0.871875 0.657870 0.031250 0.058333
1 0.557031 0.543981 0.032813 0.065741
0 0.731510 0.547685 0.221354 0.302778
1 0.955729 0.600463 0.035417 0.056481
1 0.964323 0.657407 0.027604 0.059259
1 0.071615 0.445370 0.034896 0.061111
0 0.415885 0.328241 0.196354 0.586111
1 0.600521 0.343056 0.035417 0.063889
1 0.067708 0.330556 0.045833 0.109259
1 0.040104 0.272222 0.034375 0.077778
1 0.252604 0.281944 0.028125 0.045370
1 0.525260 0.205556 0.052604 0.096296
0 0.854688 0.159722 0.189583 0.317593
1 0.130208 0.059722 0.034375 0.054630
