0 0.785937 0.857870 0.238542 0.284259
0 0.421615 0.817130 0.291146 0.365741
1 0.139063 0.866667 0.036458 0.122222
1 0.101042 0.854630 0.055208 0.090741
1 0.869792 0.678241 0.031250 0.058333
1 0.555990 0.569907 0.032813 0.065741
0 0.732031 0.577315 0.221354 0.302778
1 0.955208 0.618981 0.035417 0.056481
1 0.964323 0.685185 0.027604 0.059259
1 0.073698 0.500926 0.034896 0.061111
0 0.413281 0.360648 0.196354 0.586111
1 0.597917 0.369907 0.035417 0.063889
1 0.069792 0.355556 0.045833 0.109259
1 0.044792 0.332407 0.034375 0.077778
1 0.251042 0.309722 0.028125 0.045370
1 0.527344 0.232407 0.052604 0.096296
0 0.856771 0.168056 0.191667 0.334259
1 0.130208 0.076389 0.034375 0.054630
1 0.192708 0.046296 0.056250 0.090741
