0 0.783333 0.868519 0.238542 0.262963
0 0.419010 0.817130 0.291146 0.365741
1 0.135417 0.891667 0.036458 0.122222
1 0.100000 0.883333 0.055208 0.090741
1 0.868750 0.704167 0.031250 0.058333
1 0.552865 0.596759 0.032813 0.065741
0 0.735156 0.619907 0.221354 0.302778
1 0.952604 0.648611 0.035417 0.056481
1 0.964323 0.717593 0.027604 0.059259
1 0.074219 0.529630 0.034896 0.061111
0 0.410156 0.377315 0.196354 0.586111
1 0.596875 0.393981 0.035417 0.063889
1 0.066146 0.381481 0.045833 0.109259
1 0.042708 0.367593 0.034375 0.077778
1 0.252083 0.329167 0.028125 0.045370
1 0.524740 0.262037 0.052604 0.096296
0 0.849740 0.186111 0.200521 0.353704
1 0.128125 0.109722 0.034375 0.054630
1 0.189323 0.067130 0.059896 0.106481
