0 0.773177 0.884259 0.218229 0.231481
0 0.415885 0.845833 0.292187 0.308333
1 0.135937 0.912963 0.036458 0.122222
1 0.095312 0.908333 0.055208 0.090741
1 0.870313 0.733796 0.031250 0.058333
1 0.548698 0.620833 0.032813 0.065741
0 0.728385 0.644907 0.221354 0.302778
1 0.949479 0.672685 0.035417 0.056481
1 0.960156 0.736111 0.027604 0.059259
1 0.072656 0.556481 0.034896 0.061111
0 0.409635 0.406019 0.196354 0.586111
1 0.594792 0.418056 0.035417 0.063889
1 0.067187 0.414815 0.045833 0.109259
1 0.039583 0.390741 0.034375 0.077778
1 0.250521 0.358796 0.028125 0.045370
1 0.523177 0.287037 0.052604 0.096296
0 0.848177 0.216667 0.200521 0.353704
1 0.125000 0.133796 0.034375 0.054630
1 0.190885 0.093056 0.059896 0.106481
1 0.150260 0.025000 0.039062 0.048148
1 0.638542 0.065278 0.059375 0.115741
1 0.711458 0.348611 0.023958 0.062037
