0 0.771615 0.893981 0.214062 0.212037
0 0.416927 0.856481 0.294271 0.287037
1 0.135937 0.937963 0.036458 0.122222
1 0.094271 0.928704 0.055208 0.090741
1 0.868229 0.756019 0.031250 0.058333
1 0.548698 0.640278 0.032813 0.065741
0 0.725260 0.646759 0.221354 0.302778
1 0.953125 0.689352 0.035417 0.056481
1 0.964844 0.757407 0.027604 0.059259
1 0.071615 0.576852 0.034896 0.061111
0 0.400781 0.425463 0.196354 0.586111
1 0.595833 0.435648 0.035417 0.063889
1 0.063021 0.431481 0.045833 0.109259
1 0.036719 0.408333 0.034896 0.077778
1 0.248438 0.380093 0.028125 0.045370
1 0.523177 0.308333 0.052604 0.096296
0 0.848177 0.229630 0.200521 0.353704
1 0.124479 0.158796 0.034375 0.054630
1 0.186719 0.114352 0.059896 0.106481
1 0.150781 0.041667 0.039062 0.048148
1 0.635938 0.084259 0.058333 0.105556
1 0.622396 0.027315 0.027083 0.050926
1 0.710677 0.363426 0.021354 0.060185
