0 0.425000 0.859259 0.289583 0.281481
1 0.133073 0.944444 0.036979 0.111111
1 0.096354 0.950000 0.055208 0.090741
1 0.871354 0.759722 0.031250 0.058333
1 0.552865 0.649537 0.032813 0.065741
0 0.725781 0.665278 0.221354 0.302778
1 0.954688 0.702315 0.035417 0.056481
1 0.965885 0.765741 0.027604 0.059259
1 0.070573 0.586111 0.034896 0.061111
0 0.396094 0.443981 0.196354 0.586111
1 0.596354 0.447685 0.035417 0.063889
1 0.061458 0.440741 0.045833 0.109259
1 0.037760 0.418519 0.034896 0.077778
1 0.248438 0.386574 0.028125 0.045370
1 0.525781 0.319444 0.052604 0.096296
0 0.846094 0.252778 0.200521 0.353704
1 0.124479 0.158796 0.034375 0.054630
1 0.186719 0.114352 0.059896 0.106481
1 0.148698 0.046296 0.039062 0.048148
1 0.635938 0.084259 0.058333 0.105556
1 0.622396 0.027315 0.027083 0.050926
1 0.344531 0.094444 0.165104 0.187037
1 0.713542 0.373611 0.022917 0.052778
