0 0.424479 0.859259 0.289583 0.281481
1 0.132292 0.951389 0.035417 0.097222
1 0.096354 0.950000 0.055208 0.090741
1 0.875521 0.772685 0.031250 0.058333
1 0.553906 0.660648 0.032813 0.065741
0 0.727865 0.692130 0.221354 0.302778
1 0.958854 0.712500 0.035417 0.056481
1 0.968490 0.782407 0.027604 0.059259
1 0.069010 0.601852 0.034896 0.061111
0 0.390365 0.459722 0.196354 0.586111
1 0.600521 0.462500 0.035417 0.063889
1 0.064062 0.450926 0.045833 0.109259
1 0.039323 0.436111 0.034896 0.077778
1 0.247396 0.398611 0.028125 0.045370
1 0.528385 0.325926 0.052604 0.096296
0 0.845573 0.252778 0.200521 0.353704
1 0.124479 0.158796 0.034375 0.054630
1 0.186719 0.114352 0.059896 0.106481
1 0.148698 0.046296 0.039062 0.048148
1 0.641146 0.099074 0.058333 0.105556
1 0.629167 0.043981 0.027083 0.050926
1 0.346875 0.097685 0.163542 0.193519
1 0.716927 0.383796 0.025521 0.058333
