0 0.426563 0.874074 0.288542 0.251852
1 0.095573 0.966667 0.056771 0.066667
1 0.878125 0.793981 0.031250 0.058333
1 0.553906 0.678241 0.032813 0.065741
0 0.732031 0.706944 0.221354 0.302778
1 0.958854 0.735648 0.035417 0.056481
1 0.969531 0.795370 0.027604 0.059259
1 0.070052 0.619444 0.034896 0.061111
0 0.395052 0.482870 0.196354 0.586111
1 0.599479 0.479167 0.035417 0.063889
1 0.061458 0.474074 0.045833 0.109259
1 0.035156 0.450000 0.034896 0.077778
1 0.248958 0.416204 0.028125 0.045370
1 0.527344 0.337963 0.052604 0.096296
0 0.855469 0.269444 0.200521 0.353704
1 0.124479 0.191204 0.034375 0.054630
1 0.186719 0.152315 0.059896 0.106481
1 0.149740 0.069444 0.039062 0.048148
1 0.642188 0.110185 0.058333 0.105556
1 0.627604 0.059722 0.027083 0.050926
1 0.344792 0.103241 0.161458 0.204630
1 0.715104 0.400000 0.028125 0.055556
