0 0.599740 0.574537 0.383854 0.476852
0 0.513021 0.182407 0.300000 0.333333
1 0.115885 0.127315 0.023438 0.084259
1 0.028646 0.039352 0.013542 0.023148
1 0.216146 0.094444 0.034375 0.048148
1 0.082812 0.504630 0.037500 0.057407
1 0.103385 0.458796 0.021354 0.030556
1 0.202083 0.550463 0.016667 0.025000
1 0.556510 0.327315 0.020313 0.023148
1 0.032552 0.899537 0.022396 0.045370
1 0.216146 0.757407 0.014583 0.040741
1 0.082552 0.944444 0.022396 0.048148
1 0.411458 0.928704 0.015625 0.029630
1 0.775521 0.886111 0.034375 0.059259
1 0.892448 0.749537 0.019271 0.049074
1 0.788542 0.531019 0.028125 0.075000
1 0.942708 0.064352 0.033333 0.063889
1 0.813542 0.251389 0.026042 0.073148
1 0.711198 0.412500 0.042188 0.041667
1 0.044531 0.772685 0.022396 0.032407
