0 0.428125 0.884259 0.285417 0.231481
1 0.875000 0.804167 0.031250 0.058333
1 0.553906 0.693981 0.032813 0.065741
0 0.734635 0.709722 0.221354 0.302778
1 0.960417 0.740278 0.035417 0.056481
1 0.970052 0.810185 0.027604 0.059259
1 0.074740 0.632407 0.034896 0.061111
0 0.392448 0.490278 0.196354 0.586111
1 0.599479 0.489352 0.035417 0.063889
1 0.062500 0.486111 0.045833 0.109259
1 0.036198 0.471296 0.034896 0.077778
1 0.248438 0.429167 0.028125 0.045370
1 0.527344 0.359259 0.052604 0.096296
0 0.856510 0.285185 0.200521 0.353704
1 0.124479 0.204167 0.034375 0.054630
1 0.186719 0.168056 0.059896 0.106481
1 0.149740 0.088889 0.039062 0.048148
1 0.640625 0.126852 0.058333 0.105556
1 0.628125 0.072685 0.027083 0.050926
1 0.350260 0.112500 0.169271 0.223148
1 0.502865 0.034259 0.048438 0.066667
1 0.716146 0.413426 0.022917 0.060185
