0 0.428125 0.884259 0.285417 0.231481
1 0.876563 0.824537 0.031250 0.058333
1 0.553906 0.705093 0.032813 0.065741
0 0.734635 0.723611 0.221354 0.302778
1 0.961458 0.753241 0.035417 0.056481
1 0.973177 0.820370 0.027604 0.059259
1 0.067969 0.649074 0.034896 0.061111
0 0.389323 0.502315 0.196354 0.586111
1 0.598958 0.499537 0.035417 0.063889
1 0.058854 0.496296 0.045833 0.109259
1 0.036198 0.479630 0.034896 0.077778
1 0.248438 0.443981 0.028125 0.045370
1 0.527865 0.363889 0.052604 0.096296
0 0.856510 0.297222 0.200521 0.353704
1 0.117708 0.219907 0.034375 0.054630
1 0.183594 0.174537 0.059896 0.106481
1 0.145573 0.100000 0.039062 0.048148
1 0.641146 0.133333 0.058333 0.105556
1 0.628125 0.081019 0.027083 0.050926
1 0.351042 0.118981 0.170833 0.236111
1 0.503385 0.043519 0.048438 0.066667
1 0.641406 0.776852 0.025521 0.051852
1 0.715104 0.427315 0.020833 0.060185
