0 0.426302 0.895833 0.281771 0.208333
1 0.877083 0.830093 0.031250 0.058333
1 0.553906 0.720833 0.032813 0.065741
0 0.735156 0.734722 0.221354 0.302778
1 0.965104 0.769907 0.035417 0.056481
1 0.973177 0.836111 0.027604 0.059259
1 0.063802 0.657407 0.034896 0.061111
0 0.395573 0.513426 0.196354 0.586111
1 0.600000 0.512500 0.035417 0.063889
1 0.056771 0.512037 0.045833 0.109259
1 0.033073 0.492593 0.034896 0.077778
1 0.247396 0.453241 0.028125 0.045370
1 0.526823 0.377778 0.052604 0.096296
0 0.853906 0.307407 0.200521 0.353704
1 0.117708 0.226389 0.034375 0.054630
1 0.187760 0.190278 0.059896 0.106481
1 0.146615 0.109259 0.039062 0.048148
1 0.640625 0.144444 0.058333 0.105556
1 0.627604 0.088426 0.027083 0.050926
1 0.347135 0.123148 0.170313 0.244444
1 0.504427 0.049074 0.048438 0.066667
1 0.641406 0.787037 0.025521 0.051852
1 0.715365 0.434722 0.019271 0.060185
