0 0.424479 0.895833 0.282292 0.208333
1 0.881250 0.844907 0.031250 0.058333
1 0.553906 0.729167 0.032813 0.065741
0 0.740365 0.769907 0.221354 0.302778
1 0.965625 0.777315 0.035417 0.056481
1 0.975781 0.847222 0.027604 0.059259
1 0.064844 0.663889 0.034896 0.061111
0 0.390885 0.520833 0.196354 0.586111
1 0.598958 0.523611 0.035417 0.063889
1 0.056250 0.522222 0.045833 0.109259
1 0.029687 0.499074 0.035417 0.077778
1 0.247396 0.453241 0.028125 0.045370
1 0.522656 0.389815 0.052604 0.096296
0 0.858594 0.318519 0.200521 0.353704
1 0.116146 0.235648 0.034375 0.054630
1 0.184115 0.198611 0.059896 0.106481
1 0.146615 0.109259 0.039062 0.048148
1 0.639062 0.157407 0.054167 0.114815
1 0.626563 0.095833 0.027083 0.050926
1 0.347396 0.131019 0.171875 0.260185
1 0.505990 0.057407 0.048438 0.066667
1 0.644010 0.796296 0.025521 0.051852
1 0.114323 0.024074 0.048438 0.046296
1 0.715885 0.445370 0.022396 0.061111
