0 0.426042 0.908796 0.281250 0.182407
1 0.881250 0.853241 0.031250 0.058333
1 0.553906 0.742130 0.032813 0.065741
0 0.740885 0.782870 0.221354 0.302778
1 0.966667 0.789352 0.035417 0.056481
1 0.978906 0.851852 0.027604 0.059259
1 0.064844 0.679630 0.034896 0.061111
0 0.389323 0.542130 0.196354 0.586111
1 0.600521 0.534722 0.035417 0.063889
1 0.056771 0.532407 0.045833 0.109259
1 0.033333 0.518519 0.035417 0.077778
1 0.245312 0.476389 0.028125 0.045370
1 0.525260 0.397222 0.052604 0.096296
0 0.858594 0.333333 0.200521 0.353704
1 0.116146 0.253241 0.034375 0.054630
1 0.184115 0.210648 0.059896 0.106481
1 0.144531 0.126852 0.039062 0.048148
1 0.641146 0.163889 0.054167 0.114815
1 0.628125 0.108796 0.027083 0.050926
1 0.349219 0.135185 0.172396 0.268519
1 0.507031 0.070370 0.048438 0.066667
1 0.645052 0.805556 0.025521 0.051852
1 0.114323 0.030556 0.048438 0.046296
1 0.719010 0.452315 0.022396 0.056481
