1 0.882292 0.865278 0.031250 0.058333
1 0.558073 0.747685 0.032813 0.065741
0 0.744010 0.793981 0.221354 0.302778
1 0.967708 0.798611 0.035417 0.056481
1 0.978906 0.862963 0.027604 0.059259
1 0.067969 0.687037 0.034896 0.061111
0 0.391406 0.549537 0.196354 0.586111
1 0.604688 0.546759 0.035417 0.063889
1 0.057813 0.539815 0.045833 0.109259
1 0.036458 0.525926 0.035417 0.077778
1 0.247396 0.484722 0.028125 0.045370
1 0.528906 0.410185 0.052604 0.096296
0 0.860156 0.345370 0.200521 0.353704
1 0.120833 0.264352 0.034375 0.054630
1 0.185677 0.225463 0.059896 0.106481
1 0.150781 0.134259 0.039062 0.048148
1 0.643750 0.175000 0.054167 0.114815
1 0.630729 0.122685 0.027083 0.050926
1 0.351302 0.144907 0.176563 0.287963
1 0.510156 0.078241 0.046354 0.054630
1 0.649740 0.812037 0.025521 0.051852
1 0.116927 0.043519 0.048438 0.046296
0 0.790625 0.096296 0.226042 0.190741
1 0.515104 0.032870 0.058333 0.063889
1 0.720313 0.465741 0.022917 0.059259
