1 0.884896 0.867130 0.031250 0.058333
1 0.561198 0.754167 0.032813 0.065741
0 0.747656 0.806944 0.221354 0.302778
1 0.972396 0.798611 0.035417 0.056481
1 0.984115 0.867593 0.027604 0.059259
1 0.073177 0.693519 0.034896 0.061111
0 0.392448 0.558796 0.196354 0.586111
1 0.604688 0.546759 0.035417 0.063889
1 0.063021 0.556481 0.045833 0.109259
1 0.037500 0.529630 0.035417 0.077778
1 0.254688 0.497685 0.028125 0.045370
1 0.528906 0.410185 0.052604 0.096296
0 0.861198 0.352778 0.200521 0.353704
1 0.126562 0.276389 0.034375 0.054630
1 0.187240 0.230093 0.059896 0.106481
1 0.154427 0.150926 0.039062 0.048148
1 0.646875 0.181481 0.054167 0.114815
1 0.633333 0.126389 0.027083 0.050926
1 0.353385 0.144444 0.176563 0.287037
1 0.510677 0.088426 0.046354 0.054630
1 0.650260 0.816667 0.025521 0.051852
1 0.125781 0.054630 0.048438 0.046296
0 0.794271 0.095833 0.226042 0.189815
1 0.514844 0.037037 0.057813 0.072222
1 0.014583 0.900000 0.028125 0.105556
1 0.725260 0.471296 0.022396 0.061111
