1 0.889062 0.867130 0.031250 0.058333
1 0.563281 0.756019 0.032813 0.065741
0 0.754948 0.808796 0.221354 0.302778
1 0.971354 0.799537 0.035417 0.056481
1 0.986198 0.870370 0.027604 0.059259
1 0.076302 0.700926 0.034896 0.061111
0 0.393490 0.558796 0.196354 0.586111
1 0.607292 0.556019 0.035417 0.063889
1 0.065625 0.569444 0.045833 0.109259
1 0.040104 0.527778 0.035417 0.077778
1 0.255729 0.498611 0.028125 0.045370
1 0.536198 0.426852 0.052604 0.096296
0 0.868490 0.351852 0.200521 0.353704
1 0.126562 0.276389 0.034375 0.054630
1 0.191927 0.238426 0.059896 0.106481
1 0.154948 0.154630 0.039062 0.048148
1 0.647396 0.184259 0.054167 0.114815
1 0.633854 0.126389 0.027083 0.050926
1 0.355990 0.144444 0.176563 0.287037
1 0.511198 0.095833 0.046354 0.054630
1 0.654427 0.824074 0.025521 0.051852
1 0.125781 0.054630 0.048438 0.046296
0 0.794792 0.095833 0.226042 0.189815
1 0.514844 0.036574 0.057813 0.071296
1 0.014323 0.904630 0.027604 0.105556
1 0.724219 0.477778 0.022396 0.050000
