1 0.883854 0.873611 0.031250 0.058333
1 0.562240 0.763426 0.032813 0.065741
0 0.749740 0.793981 0.221354 0.302778
1 0.970313 0.806944 0.035417 0.056481
1 0.980990 0.879630 0.027604 0.059259
1 0.076823 0.717593 0.034896 0.061111
0 0.401302 0.571759 0.196354 0.586111
1 0.605729 0.562500 0.035417 0.063889
1 0.066667 0.570370 0.045833 0.109259
1 0.040104 0.559259 0.035417 0.077778
1 0.255208 0.509722 0.028125 0.045370
1 0.534635 0.431481 0.052604 0.096296
0 0.865885 0.360185 0.200521 0.353704
1 0.128646 0.287500 0.034375 0.054630
1 0.193490 0.248611 0.059896 0.106481
1 0.155469 0.164815 0.039062 0.048148
1 0.645312 0.196759 0.051042 0.108333
1 0.630208 0.142130 0.027083 0.050926
1 0.359115 0.164815 0.186979 0.327778
1 0.511198 0.096759 0.046354 0.054630
1 0.651302 0.829630 0.025521 0.051852
1 0.123177 0.062963 0.048438 0.046296
0 0.789323 0.105556 0.228646 0.209259
1 0.512500 0.040278 0.060417 0.078704
1 0.014063 0.914815 0.027083 0.105556
1 0.720052 0.482407 0.019271 0.062963
