1 0.880208 0.883796 0.031250 0.058333
1 0.559115 0.777315 0.032813 0.065741
0 0.741406 0.809722 0.221354 0.302778
1 0.963021 0.812500 0.035417 0.056481
1 0.976823 0.882407 0.027604 0.059259
1 0.074740 0.721296 0.034896 0.061111
0 0.414844 0.587500 0.196354 0.586111
1 0.601562 0.567130 0.035417 0.063889
1 0.064062 0.579630 0.045833 0.109259
1 0.039062 0.562037 0.035417 0.077778
1 0.250521 0.522685 0.028125 0.045370
1 0.528646 0.436111 0.053125 0.096296
0 0.855990 0.372222 0.200521 0.353704
1 0.126042 0.299537 0.034375 0.054630
1 0.191927 0.255093 0.059896 0.106481
1 0.148698 0.181481 0.039062 0.048148
1 0.638542 0.210648 0.051042 0.108333
1 0.628646 0.156944 0.027083 0.050926
1 0.351042 0.169907 0.180208 0.337963
1 0.501823 0.116204 0.046354 0.054630
1 0.648698 0.837037 0.025521 0.051852
1 0.124740 0.084259 0.048438 0.046296
0 0.784375 0.110185 0.220833 0.218519
1 0.508073 0.050000 0.059896 0.090741
1 0.715885 0.493981 0.020313 0.052778
