0 0.603646 0.595370 0.385417 0.490741
0 0.519531 0.202778 0.301563 0.344444
1 0.120313 0.148611 0.025000 0.084259
1 0.219792 0.115741 0.030208 0.048148
1 0.086719 0.525463 0.036979 0.063889
1 0.107292 0.480556 0.022917 0.035185
1 0.219531 0.780556 0.013021 0.046296
1 0.035677 0.917593 0.025521 0.048148
1 0.086198 0.968056 0.021354 0.050926
1 0.101042 0.773148 0.020833 0.042593
1 0.414844 0.949074 0.016146 0.029630
1 0.204687 0.570370 0.015625 0.025926
1 0.894792 0.770370 0.017708 0.050000
1 0.778906 0.908333 0.034896 0.072222
1 0.793490 0.552778 0.029687 0.079630
1 0.717187 0.433333 0.038542 0.040741
1 0.946875 0.081481 0.039583 0.066667
1 0.818490 0.273148 0.026562 0.077778
1 0.222135 0.432870 0.015104 0.025000
1 0.041667 0.422685 0.019792 0.036111
1 0.046354 0.793519 0.017708 0.035185
