1 0.876563 0.884722 0.031250 0.058333
1 0.553906 0.781019 0.032813 0.065741
0 0.737760 0.810648 0.221354 0.302778
1 0.957292 0.819907 0.035417 0.056481
1 0.971094 0.887963 0.027604 0.059259
1 0.073177 0.730556 0.034896 0.061111
0 0.409115 0.590278 0.196354 0.586111
1 0.598958 0.580093 0.035417 0.063889
1 0.060937 0.600000 0.045833 0.109259
1 0.039062 0.570370 0.035417 0.077778
1 0.249479 0.528241 0.028125 0.045370
1 0.523958 0.447222 0.053125 0.096296
0 0.852344 0.377778 0.200521 0.353704
1 0.121354 0.306019 0.034375 0.054630
1 0.195312 0.268981 0.071875 0.097222
1 0.146094 0.192130 0.044271 0.054630
1 0.634896 0.217130 0.051042 0.108333
1 0.625000 0.161574 0.027083 0.050926
1 0.345313 0.175926 0.178125 0.350000
1 0.503385 0.120833 0.046354 0.054630
1 0.644531 0.838889 0.025521 0.051852
1 0.118490 0.091667 0.048438 0.046296
0 0.778385 0.112500 0.222396 0.223148
1 0.505990 0.058333 0.059896 0.090741
1 0.713542 0.501389 0.018750 0.054630
