1 0.872917 0.883796 0.031250 0.058333
1 0.553906 0.793981 0.032813 0.065741
0 0.734115 0.813426 0.221354 0.302778
1 0.957292 0.821759 0.035417 0.056481
1 0.966927 0.889815 0.027604 0.059259
1 0.073177 0.738889 0.034896 0.061111
0 0.405990 0.592130 0.196354 0.586111
1 0.598958 0.580093 0.035417 0.063889
1 0.062500 0.601852 0.045833 0.109259
1 0.038021 0.575926 0.035417 0.077778
1 0.245833 0.535648 0.028125 0.045370
1 0.522917 0.454630 0.053125 0.096296
0 0.848177 0.385185 0.200521 0.353704
1 0.120833 0.312500 0.034375 0.054630
1 0.193750 0.280093 0.071875 0.097222
1 0.146094 0.203241 0.044271 0.054630
1 0.631771 0.219907 0.051042 0.108333
1 0.618750 0.168056 0.027083 0.050926
1 0.342969 0.185648 0.179688 0.369444
1 0.499740 0.130093 0.046354 0.054630
1 0.644010 0.850000 0.025521 0.051852
1 0.115885 0.100000 0.048438 0.046296
0 0.775521 0.115278 0.228125 0.228704
1 0.500260 0.067593 0.059896 0.090741
1 0.710156 0.506019 0.021354 0.058333
