1 0.869271 0.902315 0.031250 0.058333
1 0.553906 0.801389 0.032813 0.065741
0 0.732031 0.823611 0.221354 0.302778
1 0.957812 0.831944 0.035417 0.056481
1 0.966927 0.904630 0.027604 0.059259
1 0.072135 0.751852 0.034896 0.061111
0 0.395052 0.606019 0.196354 0.586111
1 0.595313 0.594907 0.035417 0.063889
1 0.061458 0.613889 0.045833 0.109259
1 0.039583 0.603704 0.035417 0.077778
1 0.244792 0.548611 0.028125 0.045370
1 0.521354 0.470370 0.053125 0.096296
0 0.841927 0.404630 0.200521 0.353704
1 0.120833 0.329167 0.034375 0.054630
1 0.193750 0.293981 0.071875 0.097222
1 0.146615 0.215278 0.044271 0.054630
1 0.631250 0.234722 0.051042 0.108333
1 0.618750 0.184722 0.027083 0.050926
1 0.342969 0.185648 0.179688 0.369444
1 0.497656 0.148611 0.046354 0.054630
1 0.642448 0.854630 0.025521 0.051852
1 0.114323 0.116667 0.048438 0.046296
0 0.770833 0.125926 0.230208 0.250000
1 0.500260 0.084259 0.059896 0.090741
1 0.913802 0.023148 0.034896 0.044444
1 0.707552 0.511574 0.039062 0.067593
