1 0.872917 0.912500 0.031250 0.058333
1 0.553906 0.813426 0.032813 0.065741
0 0.733073 0.843981 0.221354 0.302778
1 0.959375 0.850463 0.035417 0.056481
1 0.966927 0.913889 0.027604 0.059259
1 0.074740 0.768519 0.034896 0.061111
0 0.408594 0.617130 0.196354 0.586111
1 0.595313 0.612500 0.035417 0.063889
1 0.064062 0.630556 0.045833 0.109259
1 0.040104 0.610185 0.035417 0.077778
1 0.247396 0.566204 0.028125 0.045370
1 0.523438 0.478704 0.053125 0.096296
0 0.844010 0.421296 0.200521 0.353704
1 0.118750 0.348611 0.034375 0.054630
1 0.195833 0.310648 0.071875 0.097222
1 0.150260 0.231944 0.044271 0.054630
1 0.628646 0.248611 0.051042 0.108333
1 0.618750 0.195833 0.027083 0.050926
1 0.344010 0.185185 0.179688 0.368519
1 0.497656 0.157870 0.046354 0.054630
1 0.642448 0.871296 0.025521 0.051852
1 0.118490 0.134259 0.048438 0.046296
0 0.771354 0.138426 0.234375 0.275000
1 0.499219 0.098148 0.059896 0.090741
1 0.014063 0.962037 0.027083 0.075926
1 0.911979 0.030093 0.035417 0.047222
1 0.680729 0.843519 0.026042 0.031481
1 0.706771 0.528241 0.029167 0.067593
