1 0.874479 0.931019 0.031250 0.058333
1 0.555469 0.832870 0.032813 0.065741
0 0.740365 0.848611 0.221354 0.302778
1 0.955729 0.869907 0.035417 0.056481
1 0.967969 0.926852 0.027604 0.059259
1 0.076302 0.789815 0.034896 0.061111
0 0.414844 0.638426 0.196354 0.586111
1 0.596354 0.625463 0.035417 0.063889
1 0.066667 0.637963 0.045833 0.109259
1 0.043229 0.632407 0.035417 0.077778
1 0.247396 0.566204 0.028125 0.045370
1 0.525521 0.492593 0.053125 0.096296
0 0.842448 0.438889 0.200521 0.353704
1 0.123958 0.364352 0.034375 0.054630
1 0.193229 0.329167 0.071875 0.097222
1 0.149740 0.243981 0.044271 0.054630
1 0.633333 0.263426 0.051042 0.108333
1 0.623958 0.214352 0.027083 0.050926
1 0.344792 0.194444 0.178125 0.387037
1 0.500260 0.178241 0.046354 0.054630
1 0.643490 0.886111 0.025521 0.051852
1 0.119010 0.147222 0.048438 0.046296
0 0.771354 0.137963 0.234375 0.274074
1 0.501302 0.107407 0.059896 0.090741
1 0.014323 0.971759 0.027604 0.056481
1 0.913281 0.049074 0.040104 0.059259
1 0.683073 0.857407 0.030729 0.031481
1 0.708073 0.552315 0.026562 0.067593
