1 0.875521 0.944907 0.031250 0.058333
1 0.559115 0.847685 0.032813 0.065741
0 0.737760 0.850000 0.217188 0.300000
1 0.956250 0.878241 0.035417 0.056481
1 0.969010 0.941204 0.027604 0.060185
1 0.079427 0.796296 0.034896 0.061111
0 0.413281 0.664352 0.196354 0.586111
1 0.599479 0.641204 0.035417 0.063889
1 0.069271 0.658333 0.045833 0.109259
1 0.045312 0.641667 0.035417 0.077778
1 0.253646 0.596759 0.028125 0.045370
1 0.525521 0.512037 0.053125 0.096296
0 0.845052 0.458333 0.200521 0.353704
1 0.129688 0.382870 0.034375 0.054630
1 0.192708 0.342130 0.071875 0.097222
1 0.154427 0.268056 0.044271 0.054630
1 0.631771 0.282870 0.051042 0.108333
1 0.623437 0.229167 0.027083 0.050926
1 0.345313 0.202778 0.181250 0.403704
1 0.499219 0.193981 0.046354 0.054630
1 0.643490 0.895370 0.025521 0.051852
1 0.122656 0.166667 0.048438 0.046296
0 0.774479 0.146759 0.233333 0.291667
1 0.502344 0.127778 0.059896 0.090741
1 0.913281 0.056481 0.040104 0.059259
1 0.682552 0.865278 0.024479 0.026852
1 0.711458 0.558796 0.029167 0.062037
