1 0.875521 0.950463 0.031250 0.058333
1 0.559115 0.858796 0.032813 0.065741
0 0.740365 0.859259 0.209896 0.281481
1 0.958333 0.888426 0.035417 0.056481
1 0.971094 0.957870 0.027604 0.060185
1 0.083073 0.811111 0.034896 0.061111
0 0.417969 0.678241 0.196354 0.586111
1 0.597917 0.656944 0.035417 0.063889
1 0.071875 0.673148 0.045833 0.109259
1 0.046354 0.656481 0.035417 0.077778
1 0.253646 0.596759 0.028125 0.045370
1 0.526042 0.520370 0.053125 0.096296
0 0.842969 0.468519 0.200521 0.353704
1 0.130208 0.395833 0.034375 0.054630
1 0.198958 0.362500 0.071875 0.097222
1 0.154948 0.275463 0.044271 0.054630
1 0.633333 0.299537 0.051042 0.108333
1 0.623437 0.243981 0.027083 0.050926
1 0.345313 0.202315 0.181250 0.402778
1 0.499740 0.205093 0.046354 0.054630
1 0.645052 0.911111 0.025521 0.051852
1 0.124219 0.179630 0.048438 0.046296
0 0.771615 0.160185 0.231771 0.318519
1 0.501823 0.139815 0.059896 0.090741
1 0.912760 0.074074 0.040104 0.059259
1 0.685417 0.881944 0.026042 0.032407
1 0.710677 0.576389 0.027604 0.071296
