1 0.875000 0.958796 0.031250 0.058333
1 0.559115 0.868056 0.032813 0.065741
0 0.741146 0.862963 0.209375 0.274074
1 0.959896 0.897685 0.035417 0.056481
1 0.971094 0.967130 0.027604 0.060185
1 0.084115 0.830556 0.034896 0.061111
0 0.415885 0.697685 0.196354 0.586111
1 0.601562 0.664352 0.035417 0.063889
1 0.071875 0.689815 0.045833 0.109259
1 0.048958 0.673148 0.035417 0.077778
1 0.253646 0.622685 0.028125 0.045370
1 0.526042 0.520370 0.053125 0.096296
0 0.844010 0.490741 0.200521 0.353704
1 0.131771 0.408796 0.034375 0.054630
1 0.203125 0.371759 0.071875 0.097222
1 0.154948 0.292130 0.044271 0.054630
1 0.372917 0.215278 0.231250 0.428704
1 0.504427 0.225463 0.046354 0.054630
1 0.645052 0.925000 0.025521 0.051852
1 0.125260 0.195370 0.048438 0.046296
0 0.737760 0.165278 0.295312 0.328704
1 0.504427 0.155556 0.059896 0.090741
1 0.913802 0.087963 0.040104 0.059259
1 0.556250 0.027315 0.040625 0.052778
1 0.635677 0.309259 0.055729 0.111111
1 0.622396 0.257870 0.030208 0.050926
1 0.688281 0.894907 0.025521 0.025000
1 0.710677 0.583796 0.027604 0.058333
