1 0.878125 0.970833 0.031250 0.058333
1 0.560156 0.877315 0.032813 0.065741
0 0.739062 0.862963 0.209375 0.274074
1 0.961458 0.905093 0.035417 0.056481
1 0.972135 0.969907 0.027604 0.060185
1 0.082031 0.835185 0.034896 0.061111
0 0.418490 0.695833 0.196354 0.586111
1 0.603125 0.673611 0.035417 0.063889
1 0.071354 0.704630 0.045833 0.109259
1 0.045833 0.686111 0.035417 0.077778
1 0.255208 0.629167 0.028125 0.045370
1 0.528646 0.547222 0.053125 0.096296
0 0.842969 0.482407 0.200521 0.353704
1 0.131771 0.410648 0.034375 0.054630
1 0.203125 0.378241 0.071875 0.097222
1 0.155469 0.294907 0.044271 0.054630
1 0.372917 0.215278 0.231250 0.428704
1 0.505469 0.224537 0.046354 0.054630
1 0.645052 0.938889 0.025521 0.051852
1 0.125260 0.207407 0.048438 0.046296
0 0.736719 0.164815 0.295312 0.327778
1 0.502344 0.164815 0.059896 0.090741
1 0.916927 0.093519 0.040104 0.059259
1 0.557552 0.031481 0.043229 0.061111
1 0.639844 0.319444 0.055729 0.111111
1 0.625000 0.261574 0.030208 0.050926
1 0.688021 0.899074 0.028125 0.033333
1 0.714323 0.594444 0.029687 0.062963
