1 0.881771 0.974537 0.034375 0.050926
1 0.562240 0.880093 0.032813 0.065741
0 0.742188 0.871759 0.213542 0.256481
1 0.961979 0.916204 0.035417 0.056481
1 0.975521 0.974537 0.026042 0.050926
1 0.083073 0.840741 0.034896 0.061111
0 0.419010 0.686574 0.196354 0.586111
1 0.603646 0.677315 0.035417 0.063889
1 0.071354 0.705556 0.045833 0.109259
1 0.045833 0.687963 0.035417 0.077778
1 0.255208 0.637500 0.028125 0.045370
1 0.528646 0.547222 0.053125 0.096296
0 0.844010 0.498148 0.200521 0.353704
1 0.126562 0.425463 0.034375 0.054630
1 0.205208 0.383796 0.071875 0.097222
1 0.153385 0.301389 0.044271 0.054630
1 0.371875 0.223611 0.231250 0.445370
1 0.507552 0.231944 0.046354 0.054630
1 0.650260 0.946296 0.025521 0.051852
1 0.120573 0.210185 0.048438 0.046296
0 0.741406 0.171759 0.288021 0.341667
1 0.503906 0.169444 0.059896 0.090741
1 0.916927 0.100000 0.040104 0.059259
1 0.557292 0.035185 0.042708 0.068519
1 0.639844 0.321296 0.055729 0.111111
1 0.628125 0.268981 0.030208 0.050926
1 0.689063 0.910185 0.028125 0.033333
1 0.715625 0.599537 0.023958 0.058333
