0 0.605990 0.619907 0.390104 0.489815
0 0.520833 0.226852 0.306250 0.335185
1 0.035156 0.080556 0.011979 0.025926
1 0.123177 0.171759 0.027604 0.082407
1 0.223958 0.140278 0.033333 0.049074
1 0.091927 0.550463 0.034896 0.058333
1 0.045312 0.446759 0.016667 0.036111
1 0.111198 0.503704 0.023438 0.037037
1 0.227344 0.458796 0.014063 0.015741
1 0.208854 0.593981 0.015625 0.028704
1 0.223698 0.803241 0.014063 0.043519
1 0.419010 0.972685 0.015104 0.026852
1 0.038802 0.940278 0.021354 0.045370
1 0.821875 0.297685 0.030208 0.075000
1 0.950000 0.105093 0.034375 0.063889
1 0.720833 0.455093 0.039583 0.039815
1 0.795833 0.576389 0.030208 0.071296
1 0.051302 0.817130 0.021354 0.034259
1 0.106771 0.798148 0.021875 0.044444
