1 0.562240 0.889352 0.032813 0.065741
0 0.740885 0.856019 0.201563 0.287963
1 0.964583 0.924537 0.035417 0.056481
1 0.083073 0.842593 0.034896 0.061111
0 0.417448 0.694907 0.196354 0.586111
1 0.603646 0.677315 0.035417 0.063889
1 0.072396 0.710185 0.045833 0.109259
1 0.047396 0.691667 0.035417 0.077778
1 0.255729 0.643056 0.028125 0.045370
1 0.529167 0.551852 0.053125 0.096296
0 0.854948 0.500000 0.200521 0.353704
1 0.126562 0.428241 0.034375 0.054630
1 0.200000 0.385648 0.071875 0.097222
1 0.153385 0.306944 0.044271 0.054630
1 0.371875 0.223611 0.231250 0.445370
1 0.507552 0.231944 0.046354 0.054630
1 0.650260 0.953704 0.025521 0.051852
1 0.120573 0.210185 0.048438 0.046296
0 0.740885 0.171296 0.288021 0.340741
1 0.503906 0.173148 0.059896 0.090741
1 0.916927 0.100000 0.040104 0.059259
1 0.557292 0.035185 0.042708 0.068519
1 0.641927 0.325926 0.055729 0.111111
1 0.628125 0.270833 0.030208 0.050926
1 0.689063 0.915741 0.028125 0.033333
1 0.717969 0.606944 0.024479 0.058333
