1 0.563281 0.894907 0.032813 0.065741
0 0.744010 0.856019 0.201563 0.287963
1 0.967187 0.929167 0.035417 0.056481
1 0.083073 0.855556 0.034896 0.061111
0 0.418490 0.706944 0.196354 0.586111
1 0.608333 0.691204 0.035417 0.063889
1 0.071354 0.716667 0.045833 0.109259
1 0.047917 0.696296 0.035417 0.077778
1 0.257292 0.645833 0.028125 0.045370
1 0.531250 0.559259 0.053125 0.096296
0 0.855990 0.503704 0.200521 0.353704
1 0.129167 0.429167 0.034375 0.054630
1 0.202604 0.391204 0.071875 0.097222
1 0.155469 0.314352 0.044271 0.054630
1 0.371875 0.230093 0.229167 0.458333
1 0.507552 0.234722 0.046354 0.054630
1 0.655469 0.953704 0.025521 0.051852
1 0.121094 0.214815 0.048438 0.046296
0 0.744792 0.176852 0.290625 0.351852
1 0.504948 0.174074 0.059896 0.090741
1 0.923177 0.101852 0.040104 0.059259
1 0.557292 0.035185 0.042708 0.068519
1 0.641927 0.328704 0.055729 0.111111
1 0.629167 0.275463 0.030208 0.050926
1 0.692708 0.920370 0.028125 0.033333
1 0.719531 0.611574 0.022396 0.058333
