1 0.565885 0.899537 0.032813 0.065741
0 0.744010 0.856019 0.201563 0.287963
1 0.973437 0.946759 0.035417 0.056481
1 0.083073 0.860185 0.034896 0.061111
0 0.422917 0.718056 0.197917 0.563889
1 0.609375 0.695833 0.035417 0.063889
1 0.070312 0.718519 0.045833 0.109259
1 0.044792 0.705556 0.035417 0.077778
1 0.257292 0.654167 0.028125 0.045370
1 0.533333 0.567593 0.053125 0.096296
0 0.861198 0.517593 0.200521 0.353704
1 0.130208 0.436574 0.034375 0.054630
1 0.204167 0.395833 0.071875 0.097222
1 0.155469 0.314352 0.044271 0.054630
1 0.381510 0.241667 0.232813 0.481481
1 0.508594 0.238426 0.046354 0.054630
1 0.655469 0.964815 0.025521 0.051852
1 0.122656 0.219444 0.048438 0.046296
0 0.745833 0.176389 0.290625 0.350926
1 0.507031 0.178704 0.059896 0.090741
1 0.927344 0.104630 0.040104 0.059259
1 0.560417 0.039815 0.042708 0.068519
1 0.642969 0.330556 0.055729 0.111111
1 0.630729 0.281944 0.030208 0.050926
1 0.695312 0.926852 0.028125 0.033333
1 0.722656 0.616204 0.024479 0.060185
