1 0.567969 0.911574 0.032813 0.065741
0 0.747135 0.856019 0.201563 0.287963
1 0.973437 0.946759 0.035417 0.056481
1 0.084115 0.876852 0.034896 0.061111
0 0.423177 0.723611 0.193229 0.552778
1 0.610938 0.701389 0.035417 0.063889
1 0.070312 0.731481 0.045833 0.109259
1 0.050000 0.717593 0.035417 0.077778
1 0.258333 0.668056 0.028125 0.045370
1 0.533333 0.567593 0.053125 0.096296
0 0.864323 0.522222 0.200521 0.353704
1 0.130208 0.443056 0.034375 0.054630
1 0.203646 0.407870 0.071875 0.097222
1 0.153906 0.327315 0.044271 0.054630
1 0.382031 0.249074 0.232813 0.496296
1 0.510156 0.254167 0.046354 0.054630
1 0.655990 0.971296 0.025521 0.051852
1 0.122656 0.226852 0.048438 0.046296
0 0.748958 0.181019 0.293750 0.360185
1 0.507552 0.180556 0.059896 0.090741
1 0.927344 0.112963 0.040104 0.059259
1 0.562760 0.047685 0.043229 0.084259
1 0.644531 0.338889 0.055729 0.111111
1 0.630729 0.288426 0.030208 0.050926
1 0.695833 0.937963 0.028125 0.033333
1 0.724740 0.625000 0.030729 0.064815
