1 0.567969 0.911574 0.032813 0.065741
1 0.973958 0.961574 0.035417 0.056481
1 0.084635 0.888889 0.034896 0.061111
0 0.432031 0.723611 0.193229 0.552778
1 0.611979 0.722685 0.035417 0.063889
1 0.070312 0.742593 0.045833 0.109259
1 0.048958 0.735185 0.035417 0.077778
1 0.259896 0.675463 0.028125 0.045370
1 0.534375 0.587963 0.053125 0.096296
0 0.862240 0.541667 0.200521 0.353704
1 0.130208 0.456019 0.034375 0.054630
1 0.204167 0.421759 0.071875 0.097222
1 0.161198 0.344907 0.044271 0.054630
1 0.377344 0.248611 0.232813 0.495370
1 0.511719 0.265278 0.046354 0.054630
1 0.655990 0.971296 0.025521 0.051852
1 0.125781 0.244444 0.048438 0.046296
0 0.748958 0.181019 0.293750 0.360185
1 0.507031 0.200926 0.059896 0.090741
1 0.928385 0.132407 0.040104 0.059259
1 0.564844 0.064352 0.043229 0.084259
1 0.646094 0.357407 0.055729 0.111111
1 0.634896 0.300463 0.030208 0.050926
1 0.700521 0.953704 0.028125 0.033333
1 0.725260 0.638889 0.028646 0.070370
