1 0.565365 0.935648 0.032813 0.065741
0 0.747135 0.869444 0.201563 0.261111
1 0.977604 0.967130 0.035417 0.056481
1 0.081510 0.900926 0.034896 0.061111
0 0.422917 0.738889 0.201042 0.522222
1 0.610938 0.731944 0.035417 0.063889
1 0.069271 0.769444 0.045833 0.109259
1 0.046354 0.750463 0.035417 0.063889
1 0.260417 0.693056 0.028125 0.045370
1 0.533333 0.607407 0.053125 0.096296
0 0.863802 0.552778 0.200521 0.353704
1 0.129167 0.471759 0.034375 0.054630
1 0.206771 0.434722 0.071875 0.097222
1 0.154948 0.360648 0.044271 0.054630
1 0.374219 0.248611 0.232813 0.495370
1 0.509635 0.281944 0.046354 0.054630
1 0.124740 0.256481 0.048438 0.046296
0 0.749740 0.196759 0.294271 0.391667
1 0.508594 0.215741 0.059896 0.090741
1 0.927865 0.145370 0.040104 0.059259
1 0.560156 0.070833 0.043229 0.084259
1 0.644010 0.368519 0.055729 0.111111
1 0.632292 0.315278 0.030208 0.050926
1 0.696354 0.966667 0.028125 0.033333
1 0.723958 0.653241 0.019792 0.058333
