1 0.568490 0.947685 0.032813 0.065741
1 0.973958 0.981019 0.033333 0.037963
1 0.082031 0.919444 0.034896 0.061111
0 0.424740 0.746296 0.199479 0.507407
1 0.610938 0.731944 0.035417 0.063889
1 0.047656 0.768981 0.034896 0.065741
1 0.258854 0.708796 0.028125 0.045370
1 0.538542 0.617593 0.053125 0.096296
0 0.870052 0.567593 0.200521 0.353704
1 0.129167 0.471759 0.034375 0.054630
1 0.204948 0.450926 0.069271 0.096296
1 0.154948 0.360648 0.044271 0.054630
1 0.374219 0.248611 0.232813 0.495370
1 0.509635 0.287500 0.046354 0.054630
1 0.126302 0.265741 0.048438 0.046296
0 0.749219 0.202315 0.295312 0.402778
1 0.511719 0.225000 0.059896 0.090741
1 0.926302 0.155556 0.040104 0.059259
1 0.562240 0.081944 0.043229 0.084259
1 0.642708 0.386111 0.056250 0.120370
1 0.632292 0.330093 0.030208 0.050926
1 0.695312 0.975926 0.028125 0.033333
1 0.141406 0.031481 0.039062 0.061111
1 0.723958 0.665741 0.019792 0.050000
