1 0.568490 0.957870 0.032813 0.065741
1 0.084115 0.931481 0.034896 0.061111
0 0.426302 0.746296 0.199479 0.507407
1 0.610938 0.758796 0.035417 0.063889
1 0.048177 0.782870 0.034896 0.065741
1 0.259896 0.719907 0.028125 0.045370
1 0.537500 0.628704 0.053125 0.096296
0 0.866406 0.581481 0.200521 0.353704
1 0.127083 0.504167 0.034375 0.054630
1 0.206510 0.465741 0.069271 0.096296
1 0.156510 0.377315 0.044271 0.054630
1 0.374219 0.248611 0.232813 0.495370
1 0.508073 0.306944 0.046354 0.054630
1 0.126302 0.280556 0.048438 0.046296
0 0.751302 0.209259 0.297396 0.416667
1 0.510677 0.240741 0.059896 0.090741
1 0.924219 0.179630 0.040104 0.059259
1 0.562760 0.100463 0.043229 0.084259
1 0.643229 0.397222 0.056250 0.120370
1 0.630208 0.345833 0.030208 0.050926
1 0.696615 0.985648 0.027604 0.028704
1 0.142448 0.039815 0.039062 0.061111
1 0.432292 0.039352 0.035417 0.050926
1 0.722656 0.680093 0.027604 0.060185
