1 0.567708 0.974537 0.032292 0.050926
1 0.083594 0.944444 0.034896 0.061111
0 0.427604 0.763889 0.197917 0.472222
1 0.611979 0.776389 0.035417 0.063889
1 0.048177 0.800463 0.034896 0.065741
1 0.260417 0.735648 0.028125 0.045370
1 0.533333 0.643519 0.053125 0.096296
0 0.862240 0.601852 0.200521 0.353704
1 0.128125 0.516204 0.034375 0.054630
1 0.206510 0.479630 0.069271 0.096296
1 0.155990 0.402315 0.044271 0.054630
1 0.374740 0.265741 0.232813 0.529630
1 0.508594 0.322685 0.046354 0.054630
1 0.127865 0.294444 0.048438 0.046296
0 0.750000 0.223611 0.294792 0.445370
1 0.506250 0.263889 0.050000 0.094444
1 0.924219 0.187963 0.040104 0.059259
1 0.562760 0.114352 0.043229 0.084259
1 0.643229 0.408333 0.056250 0.120370
1 0.632292 0.358796 0.030208 0.050926
1 0.142448 0.050926 0.039062 0.061111
1 0.430208 0.050463 0.035417 0.050926
1 0.903385 0.036574 0.043229 0.071296
1 0.721094 0.691204 0.025521 0.060185
