1 0.083594 0.958333 0.034896 0.061111
0 0.422396 0.772685 0.202083 0.454630
1 0.611979 0.792130 0.035417 0.063889
1 0.051823 0.814352 0.034896 0.065741
1 0.260937 0.748611 0.028125 0.045370
1 0.534896 0.662037 0.053125 0.096296
0 0.856510 0.614815 0.200521 0.353704
1 0.129688 0.532870 0.034375 0.054630
1 0.194792 0.496296 0.051042 0.096296
1 0.155990 0.411574 0.044271 0.054630
1 0.376302 0.272685 0.235937 0.543519
1 0.508073 0.337500 0.046354 0.054630
1 0.127865 0.314815 0.048438 0.046296
0 0.747917 0.230556 0.297917 0.459259
1 0.506771 0.275926 0.050000 0.094444
1 0.922656 0.203704 0.040104 0.059259
1 0.562760 0.122685 0.043229 0.084259
1 0.642708 0.429630 0.056250 0.120370
1 0.633333 0.374537 0.030208 0.050926
1 0.142969 0.075000 0.039062 0.061111
1 0.430208 0.050463 0.035417 0.050926
1 0.901823 0.045833 0.043229 0.071296
1 0.213281 0.469444 0.058854 0.035185
1 0.723437 0.708796 0.020833 0.062037
