0 0.526302 0.249537 0.307812 0.334259
1 0.227344 0.162500 0.031771 0.045370
1 0.038542 0.100926 0.014583 0.024074
1 0.325781 0.179167 0.010937 0.043519
1 0.422917 0.392593 0.015625 0.016667
1 0.112760 0.526852 0.021354 0.029630
1 0.094010 0.571759 0.031771 0.060185
1 0.229687 0.481481 0.014583 0.022222
1 0.039583 0.964815 0.023958 0.042593
1 0.226823 0.830093 0.011979 0.036111
1 0.211458 0.618519 0.014583 0.024074
1 0.754427 0.042593 0.028646 0.055556
1 0.954688 0.130556 0.035417 0.064815
1 0.824479 0.319907 0.029167 0.075000
1 0.722917 0.479630 0.040625 0.042593
1 0.800781 0.603704 0.030729 0.074074
1 0.786198 0.960185 0.031771 0.059259
1 0.902865 0.822222 0.017188 0.053704
1 0.125260 0.197222 0.024479 0.079630
1 0.503906 0.102315 0.028646 0.047222
1 0.051823 0.842130 0.019271 0.032407
1 0.106771 0.823148 0.020833 0.046296
