1 0.084115 0.969444 0.034896 0.061111
0 0.422656 0.785185 0.199479 0.429630
1 0.611979 0.804167 0.035417 0.063889
1 0.051302 0.832870 0.034896 0.065741
1 0.260937 0.763426 0.028125 0.045370
1 0.532813 0.679630 0.053125 0.096296
0 0.858594 0.632407 0.200521 0.353704
1 0.129688 0.543981 0.034375 0.054630
1 0.192708 0.518519 0.051042 0.096296
1 0.157031 0.433796 0.044271 0.054630
1 0.370052 0.272222 0.235937 0.542593
1 0.509115 0.352315 0.046354 0.054630
1 0.127344 0.327778 0.048438 0.046296
0 0.744271 0.230556 0.297917 0.459259
1 0.509375 0.287037 0.050000 0.094444
1 0.923177 0.220370 0.040104 0.059259
1 0.562240 0.143981 0.043229 0.084259
1 0.642708 0.438889 0.056250 0.120370
1 0.633333 0.388426 0.030208 0.050926
1 0.145573 0.090741 0.039062 0.061111
1 0.430729 0.082870 0.035417 0.050926
1 0.903906 0.065278 0.043229 0.071296
1 0.215365 0.485185 0.058854 0.035185
1 0.720573 0.722685 0.023438 0.067593
