0 0.419010 0.785185 0.199479 0.429630
1 0.609896 0.815278 0.035417 0.063889
1 0.051302 0.844907 0.034896 0.065741
1 0.258333 0.773611 0.028125 0.045370
1 0.532813 0.686111 0.053125 0.096296
0 0.862760 0.641667 0.200521 0.353704
1 0.126042 0.559722 0.034375 0.054630
1 0.192188 0.526852 0.051042 0.096296
1 0.155990 0.441204 0.044271 0.054630
1 0.375521 0.288889 0.234375 0.575926
1 0.509635 0.365278 0.046354 0.054630
1 0.127865 0.344444 0.048438 0.046296
0 0.748958 0.242130 0.295833 0.482407
1 0.509375 0.296296 0.050000 0.094444
1 0.925781 0.229630 0.040104 0.059259
1 0.562240 0.156019 0.043229 0.084259
1 0.643229 0.450926 0.056250 0.120370
1 0.633854 0.401389 0.030208 0.050926
1 0.144531 0.101852 0.039062 0.061111
1 0.430729 0.082870 0.035417 0.050926
1 0.902865 0.074537 0.043229 0.071296
1 0.212760 0.501852 0.058854 0.035185
1 0.721094 0.734259 0.023438 0.059259
