0 0.420833 0.791667 0.195833 0.416667
1 0.610417 0.827315 0.035417 0.063889
1 0.051302 0.856944 0.034896 0.065741
1 0.258333 0.782870 0.028125 0.045370
1 0.532813 0.698148 0.053125 0.096296
0 0.865365 0.661111 0.200521 0.353704
1 0.127083 0.566204 0.034375 0.054630
1 0.192188 0.537037 0.051042 0.096296
1 0.158594 0.451389 0.044271 0.054630
1 0.376563 0.306019 0.234375 0.610185
1 0.510677 0.377315 0.046354 0.054630
1 0.133073 0.357407 0.048438 0.046296
0 0.745833 0.244444 0.295833 0.487037
1 0.508333 0.308333 0.050000 0.094444
1 0.924740 0.239815 0.040104 0.059259
1 0.561719 0.166204 0.043229 0.084259
1 0.643229 0.457407 0.056250 0.120370
1 0.635417 0.414352 0.030208 0.050926
1 0.144531 0.109259 0.039062 0.061111
1 0.430729 0.095833 0.035417 0.050926
1 0.901823 0.085648 0.043229 0.071296
1 0.215104 0.507870 0.054167 0.034259
1 0.044792 0.035648 0.058333 0.069444
1 0.027865 0.074074 0.025521 0.046296
1 0.724219 0.746296 0.022396 0.068519
