0 0.421094 0.795370 0.192188 0.409259
1 0.610938 0.835648 0.035417 0.063889
1 0.051302 0.868056 0.034896 0.065741
1 0.259896 0.792130 0.028125 0.045370
1 0.534375 0.707407 0.053125 0.096296
0 0.862760 0.673148 0.200521 0.353704
1 0.131250 0.577315 0.034375 0.054630
1 0.194792 0.548148 0.051042 0.096296
1 0.164844 0.464352 0.044271 0.054630
1 0.378906 0.312500 0.233854 0.623148
1 0.512240 0.384722 0.046354 0.054630
1 0.129427 0.363889 0.048438 0.046296
0 0.746354 0.252778 0.294792 0.503704
1 0.507812 0.325926 0.050000 0.094444
1 0.926302 0.251852 0.040104 0.059259
1 0.562240 0.172685 0.043229 0.084259
1 0.643750 0.472222 0.056250 0.120370
1 0.633854 0.422685 0.030208 0.050926
1 0.145573 0.120370 0.039062 0.061111
1 0.432292 0.112500 0.035417 0.050926
1 0.900781 0.095833 0.043229 0.071296
1 0.216146 0.518981 0.054167 0.034259
1 0.045833 0.035185 0.058333 0.068519
1 0.028385 0.080556 0.025521 0.046296
1 0.724219 0.753704 0.022396 0.068519
0 0.537240 0.237037 0.053646 0.137037
