0 0.425260 0.807407 0.188021 0.385185
1 0.612500 0.858796 0.035417 0.063889
1 0.052344 0.884722 0.034896 0.065741
1 0.260937 0.816204 0.028125 0.045370
1 0.535937 0.728704 0.053125 0.096296
0 0.861719 0.681481 0.200521 0.353704
1 0.133333 0.600463 0.034375 0.054630
1 0.197917 0.569444 0.051042 0.096296
1 0.163802 0.481019 0.044271 0.054630
1 0.380208 0.319907 0.231250 0.637963
1 0.512240 0.402315 0.046354 0.054630
1 0.128385 0.379630 0.048438 0.046296
0 0.747656 0.270370 0.296354 0.514815
1 0.508333 0.345370 0.050000 0.094444
1 0.925781 0.269444 0.040104 0.059259
1 0.563281 0.196759 0.043229 0.084259
1 0.645312 0.496296 0.056250 0.120370
1 0.635938 0.442130 0.030208 0.050926
1 0.147135 0.138889 0.039062 0.061111
1 0.432292 0.130093 0.035417 0.050926
1 0.905469 0.122685 0.043229 0.071296
1 0.216927 0.537037 0.060937 0.038889
1 0.048438 0.059259 0.058333 0.068519
1 0.032552 0.106481 0.025521 0.046296
1 0.724219 0.780556 0.022396 0.068519
0 0.536198 0.255556 0.053646 0.137037
