0 0.433594 0.818981 0.180729 0.362037
1 0.615104 0.881944 0.035417 0.063889
1 0.054427 0.903241 0.034896 0.065741
1 0.263542 0.844907 0.028125 0.045370
1 0.536979 0.749074 0.053125 0.096296
0 0.866927 0.713889 0.200521 0.353704
1 0.137500 0.613426 0.034375 0.054630
1 0.197396 0.600000 0.051042 0.096296
1 0.161719 0.504167 0.044271 0.054630
1 0.379948 0.333796 0.231771 0.665741
1 0.513802 0.425463 0.046354 0.054630
1 0.132031 0.409259 0.048438 0.046296
0 0.746615 0.291667 0.296354 0.514815
1 0.506250 0.366667 0.050000 0.094444
1 0.927865 0.296296 0.040104 0.059259
1 0.563281 0.216204 0.043229 0.084259
1 0.645833 0.516667 0.056250 0.120370
1 0.636458 0.466204 0.030208 0.050926
1 0.149740 0.165278 0.039062 0.062037
1 0.431771 0.155093 0.035417 0.050926
1 0.902344 0.146759 0.043229 0.071296
1 0.217448 0.559259 0.060937 0.038889
1 0.051042 0.078241 0.059375 0.076852
1 0.030990 0.124074 0.025521 0.046296
1 0.727344 0.801852 0.022396 0.068519
0 0.533594 0.276852 0.053646 0.137037
1 0.015885 0.624537 0.030729 0.106481
1 0.543490 0.042593 0.042188 0.083333
