0 0.436979 0.830556 0.172917 0.338889
1 0.617708 0.902315 0.035417 0.063889
1 0.056510 0.926389 0.034896 0.065741
1 0.266146 0.862500 0.028125 0.045370
1 0.541146 0.775000 0.053125 0.096296
0 0.865365 0.733333 0.200521 0.353704
1 0.135937 0.648611 0.034375 0.054630
1 0.199479 0.614815 0.051042 0.096296
1 0.165365 0.526389 0.044271 0.054630
1 0.383854 0.345370 0.231250 0.688889
1 0.515365 0.446759 0.046354 0.054630
1 0.132552 0.427778 0.048438 0.046296
0 0.748177 0.314815 0.296354 0.514815
1 0.509896 0.387963 0.050000 0.094444
1 0.928385 0.316667 0.040104 0.059259
1 0.564844 0.235648 0.043229 0.084259
1 0.645312 0.534259 0.056250 0.120370
1 0.639583 0.482870 0.030208 0.050926
1 0.150781 0.181944 0.039062 0.062037
1 0.435937 0.175463 0.035417 0.050926
1 0.907552 0.159722 0.043229 0.071296
1 0.218490 0.582407 0.060937 0.038889
1 0.053646 0.103241 0.059375 0.076852
1 0.035677 0.147222 0.025521 0.046296
1 0.726823 0.817593 0.022396 0.068519
0 0.534115 0.293519 0.053646 0.137037
1 0.015625 0.649537 0.030208 0.106481
1 0.542969 0.055556 0.042188 0.083333
