0 0.448437 0.854630 0.166667 0.290741
1 0.620833 0.914352 0.035417 0.063889
1 0.063802 0.943981 0.034896 0.065741
1 0.269792 0.869907 0.028125 0.045370
1 0.543750 0.783333 0.053125 0.096296
0 0.864844 0.759259 0.200521 0.353704
1 0.141667 0.656944 0.034375 0.054630
1 0.205208 0.633333 0.051042 0.096296
1 0.169010 0.537500 0.044271 0.054630
1 0.388802 0.352778 0.232813 0.703704
1 0.520052 0.458796 0.046354 0.054630
1 0.134635 0.438889 0.048438 0.046296
0 0.754427 0.343519 0.296354 0.514815
1 0.515625 0.400000 0.050000 0.094444
1 0.930990 0.334259 0.040104 0.059259
1 0.570052 0.252315 0.043229 0.084259
1 0.650000 0.550926 0.056250 0.120370
1 0.642188 0.501389 0.030208 0.050926
1 0.152865 0.194907 0.039062 0.062037
1 0.439844 0.188889 0.032813 0.044444
1 0.911198 0.175463 0.043229 0.071296
1 0.225781 0.594444 0.060937 0.038889
1 0.053646 0.113426 0.059375 0.076852
1 0.038802 0.160185 0.025521 0.046296
1 0.734115 0.833333 0.022396 0.068519
0 0.541927 0.313889 0.053646 0.137037
1 0.017448 0.665278 0.033854 0.104630
1 0.550260 0.072222 0.042188 0.083333
1 0.014844 0.212500 0.028646 0.058333
1 0.015885 0.368056 0.030729 0.050926
0 0.078646 0.771296 0.156250 0.307407
0 0.820052 0.068519 0.151562 0.135185
1 0.747917 0.059722 0.039583 0.075000
