0 0.457031 0.860648 0.161979 0.278704
1 0.628125 0.926389 0.035417 0.063889
1 0.064323 0.954167 0.034896 0.065741
1 0.277083 0.883796 0.028125 0.045370
1 0.554688 0.796296 0.053125 0.096296
0 0.879427 0.770370 0.200521 0.353704
1 0.208854 0.642593 0.051042 0.096296
1 0.176823 0.556019 0.044271 0.054630
1 0.394010 0.362963 0.231771 0.724074
1 0.524740 0.470833 0.046354 0.054630
1 0.143490 0.458333 0.048438 0.046296
0 0.765885 0.358333 0.296354 0.514815
1 0.520312 0.413889 0.050000 0.094444
1 0.944531 0.347222 0.040104 0.059259
1 0.577865 0.261574 0.043229 0.084259
1 0.647396 0.513426 0.030208 0.050926
1 0.160156 0.209259 0.039062 0.062963
1 0.446094 0.246759 0.026562 0.039815
1 0.920052 0.193981 0.043229 0.071296
1 0.224219 0.607407 0.060937 0.038889
1 0.058333 0.128241 0.059375 0.076852
1 0.042969 0.172222 0.025521 0.046296
1 0.741927 0.848148 0.022396 0.068519
0 0.544531 0.326852 0.053646 0.137037
1 0.555469 0.081481 0.042188 0.083333
1 0.016927 0.223148 0.032813 0.059259
1 0.017448 0.375000 0.033854 0.055556
0 0.080729 0.787037 0.160417 0.314815
0 0.823438 0.074537 0.154167 0.147222
1 0.751563 0.059722 0.039583 0.075000
1 0.021094 0.679630 0.041146 0.083333
1 0.146094 0.672222 0.034896 0.062963
