0 0.454427 0.869444 0.150521 0.261111
1 0.630729 0.941204 0.035417 0.063889
1 0.064323 0.964352 0.034896 0.065741
1 0.279167 0.896759 0.028125 0.045370
1 0.556250 0.811111 0.053125 0.096296
0 0.878385 0.796296 0.200521 0.353704
1 0.211979 0.652778 0.051042 0.096296
1 0.177344 0.563426 0.044271 0.054630
1 0.400260 0.369907 0.229687 0.737963
1 0.529427 0.481019 0.046354 0.054630
1 0.142969 0.462037 0.048438 0.046296
0 0.767969 0.355556 0.296354 0.514815
1 0.525521 0.425000 0.050000 0.094444
1 0.947135 0.353704 0.040104 0.059259
1 0.579427 0.270833 0.043229 0.084259
1 0.649479 0.524537 0.030208 0.050926
1 0.162760 0.221296 0.039062 0.062963
1 0.451562 0.256481 0.025000 0.040741
1 0.921615 0.201389 0.043229 0.071296
1 0.228906 0.613889 0.060937 0.038889
1 0.063021 0.136574 0.059375 0.076852
1 0.044531 0.179630 0.025521 0.046296
1 0.748698 0.862037 0.022396 0.068519
0 0.550260 0.340741 0.053646 0.137037
1 0.558073 0.096296 0.042188 0.083333
1 0.017188 0.233333 0.033333 0.070370
1 0.017708 0.383333 0.034375 0.064815
0 0.080729 0.786574 0.160417 0.326852
0 0.832031 0.081944 0.158854 0.162037
1 0.753125 0.068981 0.039583 0.075000
1 0.019531 0.691667 0.038021 0.090741
1 0.146615 0.678704 0.034896 0.062963
1 0.539062 0.026852 0.042708 0.051852
0 0.663021 0.115741 0.148958 0.229630
