0 0.529687 0.277778 0.305208 0.342593
1 0.128646 0.220833 0.023958 0.084259
1 0.040625 0.125000 0.011458 0.022222
1 0.328125 0.202778 0.009375 0.042593
1 0.230729 0.187500 0.033333 0.045370
1 0.506510 0.130093 0.028646 0.052778
1 0.049740 0.494907 0.017188 0.037963
1 0.094010 0.598611 0.032813 0.062037
1 0.113542 0.551852 0.020833 0.035185
1 0.231510 0.506019 0.014063 0.017593
1 0.212760 0.642130 0.017188 0.026852
1 0.228646 0.856019 0.013542 0.041667
1 0.052083 0.865741 0.020833 0.033333
1 0.106250 0.846759 0.021875 0.045370
1 0.759635 0.066204 0.029687 0.060185
1 0.828125 0.347685 0.027083 0.073148
1 0.725781 0.508333 0.041146 0.046296
1 0.801823 0.629630 0.025521 0.077778
1 0.956510 0.158796 0.036979 0.069444
1 0.904427 0.849074 0.018229 0.044444
1 0.425781 0.419444 0.014063 0.016667
