0 0.451302 0.874074 0.145313 0.251852
1 0.633854 0.951389 0.035417 0.063889
1 0.072917 0.974074 0.038542 0.051852
1 0.281771 0.906944 0.028125 0.045370
1 0.557813 0.823148 0.053125 0.096296
0 0.892969 0.800000 0.200521 0.353704
1 0.216667 0.664815 0.051042 0.096296
1 0.177865 0.573611 0.044271 0.054630
1 0.391927 0.378241 0.251563 0.754630
1 0.530990 0.492130 0.046354 0.054630
1 0.143490 0.473148 0.048438 0.046296
0 0.771615 0.372222 0.296354 0.514815
1 0.530208 0.437963 0.050000 0.094444
1 0.951823 0.369444 0.040104 0.059259
1 0.584115 0.280093 0.043229 0.084259
1 0.654167 0.533796 0.030208 0.050926
1 0.163802 0.231481 0.039062 0.062963
1 0.453385 0.265741 0.028646 0.037037
1 0.933073 0.206944 0.043229 0.071296
1 0.230990 0.626852 0.060937 0.038889
1 0.065104 0.144907 0.059375 0.076852
1 0.049219 0.190741 0.025521 0.046296
1 0.752865 0.875000 0.022396 0.068519
0 0.555469 0.350926 0.053646 0.137037
1 0.561198 0.102778 0.042188 0.083333
1 0.017708 0.237963 0.034375 0.072222
1 0.018750 0.396296 0.034375 0.064815
0 0.080469 0.806019 0.159896 0.326852
0 0.837240 0.086574 0.157812 0.171296
1 0.753125 0.068981 0.039583 0.075000
1 0.023177 0.700926 0.038021 0.090741
1 0.153906 0.684259 0.034896 0.062963
1 0.543490 0.031944 0.043229 0.062037
0 0.667188 0.115278 0.148958 0.228704
