0 0.452865 0.879630 0.146354 0.240741
1 0.640104 0.963426 0.035417 0.063889
1 0.281250 0.921759 0.028125 0.045370
1 0.562500 0.831481 0.053125 0.096296
0 0.899740 0.805556 0.200521 0.353704
1 0.217188 0.676852 0.051042 0.096296
1 0.183594 0.583796 0.044271 0.054630
1 0.396094 0.378704 0.254688 0.755556
1 0.537240 0.504167 0.046354 0.054630
1 0.148177 0.487037 0.048438 0.046296
0 0.772656 0.399074 0.295312 0.466667
1 0.532813 0.444444 0.050000 0.094444
1 0.953906 0.377778 0.040104 0.059259
1 0.586719 0.294907 0.043229 0.084259
1 0.658333 0.545833 0.030208 0.050926
1 0.165885 0.239815 0.039062 0.062963
1 0.455990 0.277778 0.025521 0.037037
1 0.933594 0.213426 0.043229 0.071296
1 0.238802 0.640741 0.060937 0.038889
1 0.066667 0.156944 0.059375 0.076852
1 0.050260 0.203704 0.025521 0.046296
1 0.752865 0.879630 0.022396 0.068519
0 0.558594 0.358333 0.053646 0.137037
1 0.563281 0.109259 0.042188 0.083333
1 0.020833 0.250926 0.040625 0.064815
1 0.021354 0.406481 0.034375 0.064815
0 0.083594 0.814352 0.159896 0.326852
0 0.837760 0.089815 0.156771 0.177778
1 0.759896 0.096759 0.039583 0.075000
1 0.025781 0.710648 0.041146 0.097222
1 0.155469 0.702778 0.034896 0.062963
1 0.546875 0.037037 0.043750 0.072222
0 0.670833 0.121296 0.145833 0.240741
