0 0.458073 0.886111 0.140104 0.227778
1 0.643750 0.968056 0.035417 0.063889
1 0.287500 0.934722 0.028125 0.045370
1 0.565625 0.843519 0.053125 0.096296
0 0.899740 0.823148 0.200521 0.353704
1 0.226042 0.688889 0.051042 0.096296
1 0.186198 0.595370 0.040104 0.059259
1 0.402865 0.389352 0.251563 0.776852
1 0.540365 0.510648 0.046354 0.054630
1 0.153906 0.495370 0.048438 0.046296
0 0.781510 0.405556 0.295312 0.466667
1 0.535417 0.453704 0.050000 0.094444
1 0.957552 0.387963 0.040104 0.059259
1 0.590365 0.300463 0.043229 0.084259
1 0.663021 0.556019 0.030208 0.050926
1 0.170052 0.255556 0.039062 0.062963
1 0.460677 0.285185 0.028646 0.040741
1 0.936719 0.231019 0.043229 0.071296
1 0.241406 0.650926 0.060937 0.038889
1 0.069792 0.171759 0.059375 0.076852
1 0.052865 0.214815 0.025521 0.046296
1 0.757552 0.888889 0.022396 0.068519
0 0.561198 0.366667 0.053646 0.137037
1 0.567969 0.122222 0.042188 0.083333
1 0.025000 0.267593 0.040625 0.064815
1 0.025000 0.418519 0.034375 0.064815
0 0.090365 0.836574 0.159896 0.326852
0 0.842708 0.095833 0.155208 0.189815
1 0.759896 0.096759 0.039583 0.075000
1 0.030990 0.725463 0.041146 0.097222
1 0.155469 0.722222 0.034896 0.062963
1 0.547396 0.041667 0.047917 0.081481
0 0.670833 0.121296 0.145833 0.240741
1 0.582552 0.029167 0.026562 0.056481
