1 0.645833 0.968056 0.035417 0.063889
1 0.293750 0.939352 0.028125 0.045370
1 0.572396 0.850926 0.053125 0.096296
0 0.899740 0.823148 0.200521 0.353704
1 0.229687 0.697222 0.051042 0.096296
1 0.193490 0.607407 0.040104 0.059259
1 0.407031 0.389352 0.251563 0.776852
1 0.544010 0.525463 0.046354 0.054630
1 0.155990 0.497222 0.048438 0.046296
0 0.782552 0.415741 0.295312 0.466667
1 0.541667 0.462963 0.050000 0.094444
1 0.963802 0.399074 0.040104 0.059259
1 0.596094 0.306944 0.043229 0.084259
1 0.663021 0.556019 0.030208 0.050926
1 0.174740 0.266667 0.039062 0.062963
1 0.938802 0.237500 0.043229 0.071296
1 0.248177 0.658333 0.060937 0.038889
1 0.074479 0.179167 0.059375 0.076852
1 0.060677 0.225926 0.025521 0.046296
1 0.762760 0.894444 0.022396 0.068519
0 0.565365 0.375926 0.053646 0.137037
1 0.570052 0.130556 0.042188 0.083333
1 0.029167 0.274074 0.040625 0.064815
1 0.030729 0.423148 0.034375 0.064815
0 0.101302 0.826389 0.159896 0.326852
0 0.847656 0.101852 0.151562 0.201852
1 0.759896 0.096759 0.039583 0.075000
1 0.039323 0.737500 0.041146 0.097222
1 0.166406 0.726852 0.034896 0.062963
1 0.553125 0.056481 0.047917 0.081481
0 0.682031 0.131019 0.148438 0.260185
1 0.584896 0.031019 0.028125 0.060185
1 0.018229 0.648148 0.035417 0.077778
1 0.708594 0.041667 0.050521 0.048148
