1 0.650260 0.974074 0.029687 0.051852
1 0.294271 0.944907 0.028125 0.045370
1 0.577083 0.856481 0.053125 0.096296
0 0.899479 0.831019 0.201042 0.337963
1 0.233854 0.697222 0.051042 0.096296
1 0.193490 0.607407 0.040104 0.059259
1 0.407813 0.393981 0.252083 0.786111
1 0.547656 0.530093 0.046354 0.054630
1 0.162760 0.508333 0.048438 0.046296
0 0.787240 0.437963 0.295312 0.466667
1 0.546875 0.472222 0.050000 0.094444
1 0.964844 0.400000 0.040104 0.059259
1 0.597135 0.318981 0.043229 0.084259
1 0.669792 0.572685 0.030208 0.050926
1 0.175260 0.268519 0.039062 0.062963
1 0.939844 0.241204 0.043229 0.071296
1 0.248698 0.662963 0.060937 0.038889
1 0.080729 0.181019 0.059375 0.076852
1 0.061719 0.226852 0.025521 0.046296
1 0.764323 0.900926 0.022396 0.068519
0 0.568490 0.386111 0.053646 0.137037
1 0.574740 0.136111 0.042188 0.083333
1 0.029167 0.275000 0.040625 0.064815
1 0.030729 0.431481 0.034375 0.064815
0 0.096615 0.836574 0.159896 0.326852
0 0.847396 0.107407 0.150000 0.212963
1 0.770312 0.116204 0.039583 0.075000
1 0.037760 0.743981 0.041146 0.097222
1 0.164844 0.726852 0.034896 0.062963
1 0.555208 0.060185 0.047917 0.081481
0 0.682031 0.134259 0.148438 0.266667
1 0.585938 0.035185 0.029167 0.068519
1 0.017969 0.653704 0.034896 0.077778
1 0.708594 0.041667 0.050521 0.048148
