1 0.295833 0.952315 0.028125 0.045370
1 0.574479 0.862963 0.053125 0.096296
0 0.906771 0.834722 0.186458 0.330556
1 0.234375 0.704630 0.051042 0.096296
1 0.195052 0.615741 0.040104 0.059259
1 0.408333 0.393519 0.252083 0.785185
1 0.547656 0.530093 0.046354 0.054630
1 0.161198 0.517593 0.048438 0.046296
0 0.781771 0.447222 0.276042 0.450000
1 0.546875 0.472222 0.050000 0.094444
1 0.964844 0.406481 0.040104 0.059259
1 0.601823 0.319907 0.043229 0.084259
1 0.669792 0.582870 0.030208 0.050926
1 0.178906 0.275926 0.039062 0.062963
1 0.469271 0.309722 0.029167 0.039815
1 0.940365 0.252315 0.043229 0.071296
1 0.251302 0.673148 0.060937 0.038889
1 0.082812 0.191204 0.059375 0.076852
1 0.061198 0.237963 0.025521 0.046296
1 0.762240 0.910185 0.022396 0.068519
0 0.567969 0.386111 0.053646 0.137037
1 0.574740 0.143519 0.042188 0.083333
1 0.031250 0.289815 0.040625 0.064815
1 0.031250 0.438889 0.034375 0.064815
0 0.098437 0.845833 0.158333 0.308333
0 0.847396 0.107407 0.150000 0.212963
1 0.770312 0.116204 0.039583 0.075000
1 0.037240 0.750463 0.041146 0.097222
1 0.167969 0.739815 0.034896 0.062963
1 0.557292 0.065741 0.047917 0.081481
0 0.682031 0.134259 0.148438 0.266667
1 0.587500 0.045370 0.029167 0.068519
1 0.016927 0.662500 0.032813 0.084259
1 0.708594 0.041667 0.050521 0.048148
