1 0.296354 0.960648 0.028125 0.045370
1 0.572917 0.866667 0.053125 0.096296
0 0.908594 0.841667 0.182812 0.316667
1 0.233854 0.717593 0.051042 0.096296
1 0.195052 0.629630 0.040104 0.059259
1 0.422396 0.400926 0.228125 0.800000
1 0.547656 0.546759 0.046354 0.054630
1 0.164844 0.528704 0.048438 0.046296
0 0.783333 0.461111 0.295833 0.444444
1 0.544271 0.487037 0.050000 0.094444
1 0.963802 0.415741 0.040104 0.059259
1 0.599740 0.335648 0.043229 0.084259
1 0.669792 0.584722 0.030208 0.050926
1 0.178906 0.289815 0.039062 0.062963
1 0.470052 0.317593 0.026562 0.035185
1 0.940365 0.260648 0.043229 0.071296
1 0.249740 0.685185 0.060937 0.038889
1 0.083333 0.205093 0.059375 0.076852
1 0.065104 0.246296 0.026042 0.046296
1 0.762760 0.921296 0.022396 0.068519
0 0.573177 0.401852 0.053646 0.137037
1 0.575260 0.155556 0.042188 0.083333
1 0.033333 0.296296 0.040625 0.064815
1 0.033333 0.449074 0.034375 0.064815
0 0.103125 0.845833 0.158333 0.308333
0 0.847396 0.125463 0.153125 0.212037
1 0.771875 0.137500 0.039583 0.075000
1 0.036198 0.756019 0.041146 0.097222
1 0.167448 0.743519 0.034896 0.062963
1 0.556771 0.078704 0.047917 0.081481
0 0.684896 0.143519 0.147917 0.285185
1 0.588021 0.055556 0.029167 0.068519
1 0.019271 0.667593 0.037500 0.083333
1 0.706510 0.063889 0.050521 0.048148
