1 0.296354 0.960648 0.028125 0.045370
1 0.572917 0.875000 0.053125 0.096296
0 0.906250 0.846759 0.187500 0.306481
1 0.233854 0.727778 0.051042 0.096296
1 0.194531 0.645370 0.040104 0.059259
1 0.422396 0.400926 0.228125 0.800000
1 0.546615 0.555093 0.046354 0.054630
1 0.164844 0.540741 0.048438 0.046296
0 0.780208 0.469444 0.295833 0.444444
1 0.544271 0.502778 0.050000 0.094444
1 0.962760 0.432407 0.040104 0.059259
1 0.597656 0.344907 0.043229 0.084259
1 0.668750 0.594907 0.030208 0.050926
1 0.179948 0.297222 0.039062 0.062963
1 0.468490 0.329630 0.024479 0.044444
1 0.940365 0.277315 0.043229 0.071296
1 0.249740 0.695370 0.060937 0.038889
1 0.080208 0.213426 0.059375 0.076852
1 0.065104 0.262037 0.026042 0.046296
1 0.764844 0.924074 0.022396 0.068519
0 0.570052 0.417593 0.053646 0.137037
1 0.576823 0.167593 0.042188 0.083333
1 0.032292 0.310185 0.040625 0.064815
1 0.035417 0.466667 0.034375 0.064815
0 0.098437 0.845833 0.158333 0.308333
0 0.846354 0.137500 0.153125 0.212037
1 0.771875 0.141204 0.039583 0.075000
1 0.039844 0.768981 0.041146 0.097222
1 0.170573 0.759259 0.034896 0.062963
1 0.558854 0.088889 0.047917 0.081481
0 0.682552 0.150000 0.146354 0.298148
1 0.588542 0.065741 0.029167 0.068519
1 0.019010 0.680556 0.036979 0.083333
1 0.707552 0.075926 0.050521 0.048148
1 0.141667 0.051389 0.058333 0.100926
