1 0.297917 0.977315 0.028125 0.045370
1 0.571875 0.895370 0.053125 0.096296
0 0.906250 0.851852 0.187500 0.296296
1 0.233854 0.743519 0.051042 0.096296
1 0.195573 0.649074 0.040104 0.059259
1 0.420312 0.416667 0.228125 0.800000
1 0.546615 0.568981 0.046354 0.054630
1 0.165885 0.553704 0.048438 0.046296
0 0.781250 0.490741 0.295833 0.444444
1 0.544792 0.512963 0.050000 0.094444
1 0.961719 0.437963 0.040104 0.059259
1 0.598698 0.357870 0.043229 0.084259
1 0.666146 0.609722 0.030208 0.050926
1 0.179948 0.306481 0.039062 0.062963
1 0.467187 0.342130 0.030208 0.045370
1 0.940885 0.290278 0.043229 0.071296
1 0.248698 0.707407 0.060937 0.038889
1 0.083333 0.229167 0.059375 0.076852
1 0.064583 0.276852 0.026042 0.046296
1 0.761198 0.936111 0.022396 0.068519
0 0.567448 0.425926 0.053646 0.137037
1 0.574219 0.177778 0.042188 0.083333
1 0.035937 0.323148 0.040625 0.064815
1 0.036979 0.472222 0.034375 0.064815
0 0.098698 0.856019 0.155729 0.287963
0 0.841146 0.150463 0.153125 0.212037
1 0.771875 0.150463 0.039583 0.075000
1 0.039844 0.777315 0.041146 0.097222
1 0.170052 0.764815 0.034896 0.062963
1 0.558333 0.105556 0.047917 0.081481
0 0.680469 0.154167 0.146354 0.306481
1 0.588021 0.076852 0.029167 0.068519
1 0.019531 0.691667 0.038021 0.092593
1 0.704427 0.088889 0.050521 0.048148
1 0.141667 0.054630 0.060417 0.107407
