1 0.571354 0.906481 0.053125 0.096296
1 0.233854 0.751852 0.051042 0.096296
1 0.195052 0.657407 0.040104 0.059259
1 0.415625 0.432407 0.228125 0.800000
1 0.545573 0.580093 0.046354 0.054630
1 0.166927 0.567593 0.048438 0.046296
0 0.770312 0.503704 0.295833 0.444444
1 0.544792 0.529630 0.050000 0.094444
1 0.957552 0.458333 0.040104 0.059259
1 0.595573 0.371759 0.043229 0.084259
1 0.666146 0.623611 0.030208 0.050926
1 0.180990 0.325926 0.039062 0.062963
1 0.470833 0.356019 0.035417 0.050926
1 0.938281 0.301389 0.043229 0.071296
1 0.248698 0.718519 0.060937 0.038889
1 0.083854 0.245833 0.059375 0.076852
1 0.065104 0.288889 0.026042 0.046296
1 0.758073 0.952778 0.022396 0.068519
0 0.567448 0.445370 0.053646 0.137037
1 0.573177 0.195370 0.042188 0.083333
1 0.035417 0.338889 0.040625 0.064815
1 0.039062 0.495370 0.034375 0.064815
0 0.098177 0.856019 0.155729 0.287963
0 0.842187 0.167130 0.153125 0.212037
1 0.768750 0.170833 0.039583 0.075000
1 0.041406 0.802315 0.041146 0.097222
1 0.170052 0.764815 0.034896 0.062963
1 0.555729 0.116667 0.047917 0.081481
0 0.677604 0.167593 0.147917 0.320370
1 0.586979 0.093519 0.029167 0.068519
1 0.019271 0.708333 0.037500 0.092593
1 0.704427 0.102778 0.050521 0.048148
1 0.143750 0.067593 0.060417 0.107407
0 0.905990 0.860648 0.188021 0.278704
