0 0.527083 0.297685 0.304167 0.323148
1 0.039062 0.147685 0.013542 0.026852
1 0.229687 0.212963 0.032292 0.046296
1 0.128906 0.243981 0.025521 0.082407
1 0.327344 0.226389 0.010937 0.043519
1 0.425000 0.444907 0.014583 0.015741
1 0.048438 0.518056 0.016667 0.036111
1 0.111979 0.575926 0.022917 0.029630
1 0.094010 0.620370 0.033854 0.053704
1 0.225260 0.881481 0.011979 0.038889
1 0.210156 0.668519 0.017188 0.027778
1 0.230208 0.531019 0.017708 0.021296
1 0.105469 0.873148 0.018229 0.046296
1 0.761979 0.096759 0.026042 0.056481
1 0.506510 0.156019 0.029687 0.056481
1 0.829427 0.379167 0.026562 0.071296
1 0.958333 0.186574 0.040625 0.063889
1 0.726302 0.537037 0.038021 0.040741
1 0.799740 0.660185 0.027604 0.070370
