1 0.570312 0.914815 0.053125 0.096296
1 0.232813 0.763889 0.051042 0.096296
1 0.194531 0.677778 0.040104 0.059259
1 0.413021 0.454630 0.228125 0.800000
1 0.540885 0.596759 0.046354 0.054630
1 0.167448 0.580556 0.048438 0.046296
0 0.774479 0.514815 0.295833 0.444444
1 0.542188 0.541667 0.050000 0.094444
1 0.955990 0.470370 0.040104 0.059259
1 0.594010 0.385648 0.043229 0.084259
1 0.665625 0.635648 0.030208 0.050926
1 0.180990 0.345370 0.039062 0.062963
1 0.465104 0.369907 0.035417 0.050926
1 0.934635 0.306944 0.043229 0.071296
1 0.245052 0.732407 0.060937 0.038889
1 0.083854 0.265278 0.059375 0.076852
1 0.065104 0.306481 0.026042 0.046296
1 0.757552 0.965741 0.022396 0.068519
0 0.564323 0.456481 0.053646 0.137037
1 0.573177 0.208333 0.042188 0.083333
1 0.035417 0.353704 0.040625 0.064815
1 0.037500 0.508333 0.034375 0.064815
0 0.099479 0.877778 0.153125 0.244444
0 0.841146 0.181019 0.153125 0.212037
1 0.765104 0.189352 0.039583 0.075000
1 0.038802 0.810648 0.041146 0.097222
1 0.167969 0.796296 0.034896 0.062963
1 0.554688 0.133333 0.047917 0.081481
0 0.675000 0.184259 0.147917 0.320370
1 0.583333 0.105556 0.029167 0.068519
1 0.019010 0.719444 0.036979 0.092593
1 0.700781 0.115741 0.050521 0.048148
1 0.141667 0.084259 0.060417 0.107407
0 0.900521 0.864815 0.188542 0.270370
