1 0.568229 0.929630 0.053125 0.096296
1 0.230729 0.783333 0.051042 0.096296
1 0.190885 0.699074 0.040104 0.059259
1 0.409896 0.473148 0.228125 0.800000
1 0.540885 0.605093 0.046354 0.054630
1 0.166406 0.592593 0.048438 0.046296
0 0.776563 0.534259 0.295833 0.444444
1 0.540625 0.550000 0.050000 0.094444
1 0.955990 0.482407 0.040104 0.059259
1 0.592448 0.394907 0.043229 0.084259
1 0.663021 0.649537 0.030208 0.050926
1 0.178906 0.360185 0.039062 0.062963
1 0.460938 0.381019 0.035417 0.050926
1 0.929427 0.321759 0.043229 0.071296
1 0.242969 0.746296 0.060937 0.038889
1 0.080729 0.275463 0.059375 0.076852
1 0.062500 0.321296 0.026042 0.046296
1 0.754427 0.970833 0.021354 0.058333
0 0.563281 0.464815 0.053646 0.137037
1 0.569531 0.220370 0.042188 0.083333
1 0.030208 0.373148 0.040625 0.064815
1 0.033854 0.518519 0.034375 0.064815
0 0.841146 0.181019 0.153125 0.212037
1 0.765104 0.189352 0.039583 0.075000
1 0.039844 0.822685 0.041146 0.097222
1 0.165885 0.802778 0.034896 0.062963
1 0.550000 0.146296 0.047917 0.081481
0 0.669792 0.203704 0.147917 0.320370
1 0.580208 0.122222 0.029167 0.068519
1 0.018750 0.735185 0.036458 0.092593
1 0.694531 0.125926 0.050521 0.048148
1 0.139063 0.097222 0.060417 0.107407
0 0.897917 0.874074 0.193750 0.251852
