1 0.567708 0.942593 0.053125 0.096296
1 0.226042 0.798148 0.051042 0.096296
1 0.188802 0.711111 0.040104 0.059259
1 0.404167 0.489815 0.228125 0.800000
1 0.537760 0.622685 0.046354 0.054630
1 0.161719 0.611111 0.048438 0.046296
0 0.765625 0.546296 0.287500 0.429630
1 0.534896 0.565741 0.050000 0.094444
1 0.947656 0.492593 0.040104 0.059259
1 0.585677 0.406944 0.043229 0.084259
1 0.659375 0.670833 0.030208 0.050926
1 0.178906 0.374074 0.039062 0.062963
1 0.456771 0.396759 0.035417 0.050926
1 0.924219 0.338426 0.043229 0.071296
1 0.242448 0.765741 0.060937 0.038889
1 0.076042 0.293981 0.059375 0.076852
1 0.057292 0.337500 0.026042 0.047222
0 0.560156 0.478704 0.053646 0.137037
1 0.563281 0.238889 0.042188 0.083333
1 0.028646 0.387037 0.040625 0.064815
1 0.031250 0.532407 0.034375 0.064815
0 0.830729 0.206019 0.153125 0.212037
1 0.757031 0.211111 0.034896 0.068519
1 0.039844 0.842130 0.041146 0.097222
1 0.162240 0.822222 0.034896 0.062963
1 0.547396 0.161111 0.047917 0.081481
0 0.663021 0.212037 0.147917 0.320370
1 0.575521 0.138889 0.029167 0.068519
1 0.018490 0.755556 0.035937 0.092593
1 0.690885 0.142593 0.050521 0.048148
1 0.133333 0.119444 0.060417 0.107407
0 0.892969 0.881019 0.195312 0.237963
