1 0.560937 0.951852 0.053125 0.096296
1 0.224479 0.821296 0.051042 0.096296
1 0.188802 0.728704 0.040104 0.059259
1 0.400521 0.506481 0.228125 0.800000
1 0.534635 0.637500 0.046354 0.054630
1 0.157031 0.631481 0.048438 0.046296
0 0.763021 0.563889 0.287500 0.429630
1 0.529687 0.581481 0.050000 0.094444
1 0.944010 0.510185 0.040104 0.059259
1 0.581510 0.431019 0.043229 0.084259
1 0.655208 0.683796 0.030208 0.050926
1 0.170052 0.391667 0.039062 0.062963
1 0.920052 0.356944 0.043229 0.071296
1 0.240885 0.777778 0.060937 0.038889
1 0.076042 0.315278 0.059375 0.076852
1 0.057292 0.359722 0.026042 0.047222
0 0.554948 0.500926 0.053646 0.137037
1 0.559635 0.254630 0.042188 0.083333
1 0.028646 0.405556 0.040625 0.064815
1 0.031771 0.556481 0.034375 0.064815
0 0.825000 0.219907 0.153125 0.212037
1 0.038802 0.866204 0.041146 0.097222
1 0.162240 0.844444 0.034896 0.062963
1 0.542708 0.180556 0.047917 0.081481
0 0.660937 0.234259 0.147917 0.320370
1 0.569792 0.154630 0.029167 0.068519
1 0.018229 0.780556 0.035417 0.092593
1 0.689323 0.160185 0.050521 0.048148
1 0.132292 0.140741 0.060417 0.107407
0 0.890625 0.888426 0.198958 0.223148
