1 0.557031 0.962037 0.052604 0.075926
1 0.224479 0.837963 0.051042 0.096296
1 0.185156 0.742593 0.040104 0.059259
1 0.398438 0.517593 0.228125 0.800000
1 0.534635 0.656019 0.046354 0.054630
1 0.153906 0.647222 0.048438 0.046296
0 0.758333 0.575000 0.287500 0.429630
1 0.529687 0.590741 0.050000 0.094444
1 0.937240 0.525926 0.040104 0.059259
1 0.575781 0.448611 0.043229 0.084259
1 0.653646 0.693981 0.030208 0.050926
1 0.169010 0.413889 0.039062 0.062963
1 0.916927 0.368981 0.043229 0.071296
1 0.238802 0.800926 0.060937 0.038889
1 0.071875 0.338426 0.059375 0.076852
1 0.053125 0.376389 0.026042 0.047222
0 0.547135 0.519444 0.053646 0.137037
1 0.555469 0.270370 0.042188 0.083333
1 0.027604 0.429630 0.040625 0.064815
1 0.031771 0.570370 0.034375 0.064815
0 0.825000 0.219907 0.153125 0.212037
1 0.036719 0.876389 0.041146 0.097222
1 0.157552 0.863889 0.034896 0.062963
1 0.536979 0.194444 0.047917 0.081481
0 0.657813 0.245370 0.147917 0.320370
1 0.566146 0.171296 0.029167 0.068519
1 0.017969 0.793519 0.034896 0.092593
1 0.685677 0.175926 0.050521 0.048148
1 0.128646 0.152778 0.060417 0.107407
0 0.885938 0.894444 0.195833 0.211111
1 0.018750 0.033333 0.036458 0.064815
0 0.324479 0.099537 0.205208 0.197222
1 0.915885 0.367130 0.043229 0.071296
