1 0.558073 0.967593 0.051562 0.064815
1 0.221615 0.843056 0.051562 0.091667
1 0.185156 0.753704 0.040104 0.059259
1 0.396875 0.523148 0.228125 0.800000
1 0.530990 0.660648 0.046354 0.054630
1 0.153385 0.658333 0.048438 0.046296
0 0.756771 0.575000 0.287500 0.429630
1 0.527604 0.609259 0.050000 0.094444
1 0.933073 0.532407 0.040104 0.059259
1 0.576823 0.456019 0.043229 0.084259
1 0.649479 0.707870 0.030208 0.050926
1 0.167969 0.421296 0.039062 0.062963
1 0.239323 0.804630 0.060937 0.038889
1 0.071875 0.340278 0.059375 0.076852
1 0.053125 0.388426 0.026042 0.047222
0 0.548177 0.522222 0.053646 0.137037
1 0.552344 0.279630 0.042188 0.083333
1 0.023958 0.438889 0.040625 0.064815
1 0.025781 0.587963 0.034896 0.064815
0 0.815625 0.245833 0.153125 0.212037
1 0.036198 0.885648 0.041146 0.097222
1 0.158073 0.866667 0.034896 0.062963
1 0.535417 0.207407 0.047917 0.081481
0 0.655208 0.247222 0.147917 0.320370
1 0.563021 0.176852 0.029167 0.068519
1 0.015885 0.806944 0.030729 0.093519
1 0.680990 0.182407 0.050521 0.048148
1 0.120833 0.171296 0.060417 0.107407
0 0.885938 0.894444 0.195833 0.211111
1 0.017708 0.035648 0.034375 0.069444
0 0.320312 0.103704 0.205208 0.205556
1 0.908073 0.377315 0.043229 0.071296
0 0.775521 0.098611 0.169792 0.195370
