1 0.556510 0.967593 0.051562 0.064815
1 0.218490 0.847685 0.051562 0.091667
1 0.181510 0.756481 0.040104 0.059259
1 0.394792 0.529630 0.228125 0.800000
1 0.530990 0.660648 0.046354 0.054630
1 0.149219 0.658333 0.048438 0.046296
0 0.758333 0.581481 0.287500 0.429630
1 0.527604 0.609259 0.050000 0.094444
1 0.933073 0.532407 0.040104 0.059259
1 0.575260 0.455093 0.043229 0.084259
1 0.646875 0.705093 0.030208 0.050926
1 0.167448 0.423148 0.039062 0.062963
1 0.907552 0.377315 0.043229 0.071296
1 0.236719 0.809259 0.060937 0.038889
1 0.068750 0.347685 0.059375 0.076852
1 0.052083 0.392130 0.026042 0.047222
0 0.548177 0.522222 0.053646 0.137037
1 0.550260 0.279630 0.042188 0.083333
1 0.022396 0.443519 0.040625 0.064815
1 0.024740 0.588889 0.034896 0.064815
0 0.812500 0.246759 0.153125 0.212037
1 0.034115 0.890278 0.041146 0.097222
1 0.157031 0.871296 0.034896 0.062963
1 0.532552 0.207407 0.048438 0.081481
0 0.655208 0.247222 0.147917 0.320370
1 0.559375 0.176852 0.029167 0.068519
1 0.015625 0.806944 0.030208 0.093519
1 0.680990 0.182407 0.050521 0.048148
1 0.118750 0.175000 0.060417 0.107407
0 0.889323 0.898148 0.189062 0.203704
1 0.015885 0.038426 0.030729 0.075000
0 0.319271 0.106481 0.207292 0.211111
0 0.773958 0.098148 0.169792 0.194444
