1 0.557813 0.971759 0.054167 0.056481
1 0.217448 0.856019 0.051562 0.091667
1 0.179948 0.767593 0.040104 0.059259
1 0.392188 0.531481 0.228125 0.800000
1 0.527083 0.667130 0.046875 0.054630
1 0.146615 0.663889 0.048438 0.046296
0 0.754167 0.587037 0.287500 0.429630
1 0.523958 0.616667 0.050000 0.094444
1 0.929427 0.540741 0.040104 0.059259
1 0.574219 0.457870 0.043229 0.084259
1 0.645312 0.716204 0.030208 0.050926
1 0.164323 0.426852 0.039062 0.062963
1 0.909115 0.379167 0.043229 0.071296
1 0.235677 0.815741 0.060937 0.038889
1 0.067708 0.354167 0.059375 0.076852
1 0.048958 0.405093 0.026042 0.047222
0 0.546094 0.527778 0.053646 0.137037
1 0.548177 0.281481 0.042188 0.083333
1 0.020573 0.450926 0.040104 0.064815
1 0.021615 0.591667 0.034896 0.064815
0 0.810937 0.251389 0.153125 0.212037
1 0.032031 0.898611 0.041146 0.097222
1 0.157031 0.880556 0.034896 0.062963
1 0.530990 0.210185 0.048438 0.081481
0 0.653646 0.256481 0.147917 0.320370
1 0.558333 0.181481 0.029167 0.068519
1 0.015365 0.819907 0.029687 0.093519
1 0.676823 0.187963 0.050521 0.048148
1 0.115625 0.178704 0.060417 0.107407
0 0.888021 0.898148 0.182292 0.203704
1 0.015625 0.037963 0.030208 0.074074
0 0.315885 0.108796 0.209896 0.215741
0 0.768750 0.100463 0.176042 0.199074
