1 0.214844 0.863426 0.051562 0.091667
1 0.179948 0.773148 0.040104 0.059259
1 0.390104 0.539815 0.228125 0.800000
1 0.522135 0.675463 0.047396 0.054630
1 0.145573 0.676852 0.048438 0.046296
0 0.755729 0.580556 0.289583 0.437037
1 0.521875 0.621296 0.050000 0.094444
1 0.929427 0.540741 0.040104 0.059259
1 0.570052 0.465278 0.043229 0.084259
1 0.161719 0.441667 0.039062 0.062963
1 0.905469 0.381019 0.043229 0.071296
1 0.236719 0.819444 0.060937 0.038889
1 0.063021 0.367130 0.059375 0.076852
1 0.047396 0.414352 0.026042 0.047222
0 0.543490 0.535185 0.053646 0.137037
1 0.545573 0.291667 0.042188 0.083333
1 0.020313 0.463889 0.039583 0.064815
1 0.021615 0.610185 0.034896 0.064815
0 0.805729 0.254167 0.153125 0.212037
1 0.030469 0.906019 0.041146 0.097222
1 0.157031 0.885185 0.034896 0.062963
1 0.529948 0.215741 0.048438 0.081481
0 0.650521 0.264815 0.147917 0.320370
1 0.556771 0.191667 0.029167 0.068519
1 0.015104 0.821759 0.029167 0.093519
1 0.672656 0.194444 0.050521 0.048148
1 0.111979 0.191667 0.060417 0.107407
0 0.886979 0.900000 0.180208 0.200000
1 0.015885 0.048611 0.030729 0.095370
0 0.314323 0.112037 0.213021 0.222222
0 0.766927 0.104167 0.173437 0.206481
