1 0.213281 0.869907 0.051562 0.091667
1 0.179427 0.785185 0.040104 0.059259
1 0.386979 0.550000 0.228125 0.800000
1 0.522135 0.683796 0.047396 0.054630
1 0.143490 0.687963 0.048438 0.046296
0 0.752083 0.591667 0.289583 0.437037
1 0.519792 0.628704 0.050000 0.094444
1 0.922135 0.549074 0.040104 0.059259
1 0.567448 0.475463 0.043229 0.084259
1 0.159115 0.449074 0.039062 0.062963
1 0.901302 0.398611 0.043229 0.071296
1 0.230990 0.832407 0.060937 0.038889
1 0.063021 0.374537 0.059375 0.076852
0 0.541406 0.547222 0.053646 0.137037
1 0.541406 0.300926 0.042188 0.083333
1 0.020052 0.469444 0.039062 0.064815
1 0.019010 0.617593 0.034896 0.064815
0 0.801042 0.266204 0.153125 0.212037
1 0.029948 0.919907 0.041146 0.097222
1 0.152344 0.899074 0.034896 0.062963
1 0.524740 0.229630 0.048438 0.081481
0 0.645312 0.270370 0.147917 0.320370
1 0.554167 0.199074 0.029167 0.068519
1 0.014844 0.834722 0.028646 0.093519
1 0.665885 0.207407 0.050521 0.048148
1 0.113021 0.193519 0.060417 0.107407
0 0.880469 0.908333 0.178646 0.183333
0 0.314583 0.119444 0.215625 0.237037
0 0.762760 0.105556 0.170313 0.209259
