0 0.525781 0.323611 0.299479 0.332407
1 0.124219 0.268056 0.023438 0.080556
1 0.035677 0.169444 0.011979 0.025926
1 0.226562 0.235185 0.032292 0.046296
1 0.325260 0.252315 0.010937 0.041667
1 0.088281 0.645370 0.033854 0.062963
1 0.107031 0.600000 0.020313 0.040741
1 0.421354 0.467593 0.012500 0.016667
1 0.205729 0.692130 0.013542 0.026852
1 0.218229 0.907870 0.011458 0.047222
1 0.099479 0.896296 0.019792 0.040741
1 0.225000 0.556944 0.014583 0.017593
1 0.436198 0.910185 0.008854 0.020370
1 0.758333 0.118056 0.029167 0.062037
1 0.958854 0.212037 0.040625 0.068519
1 0.825000 0.405093 0.028125 0.084259
1 0.506250 0.179630 0.029167 0.053704
1 0.796875 0.690741 0.031250 0.074074
1 0.722917 0.566667 0.037500 0.040741
