1 0.212760 0.891204 0.051562 0.091667
1 0.178385 0.799074 0.040104 0.059259
1 0.382812 0.571296 0.228125 0.800000
1 0.521094 0.694907 0.047396 0.054630
1 0.142969 0.699074 0.048438 0.046296
0 0.748958 0.613889 0.289583 0.437037
1 0.516667 0.640741 0.050000 0.094444
1 0.915885 0.557407 0.040104 0.059259
1 0.564323 0.486574 0.043229 0.084259
1 0.159115 0.449074 0.039062 0.062963
1 0.897656 0.406944 0.043229 0.071296
1 0.227344 0.844444 0.060937 0.038889
1 0.060417 0.386574 0.059375 0.076852
0 0.538802 0.563889 0.053646 0.137037
1 0.538802 0.312963 0.042188 0.083333
1 0.019792 0.488889 0.038542 0.064815
1 0.017708 0.633333 0.034375 0.064815
0 0.798958 0.284722 0.153125 0.212037
1 0.029948 0.932870 0.041146 0.097222
1 0.152344 0.908333 0.034896 0.062963
1 0.522135 0.242593 0.048438 0.081481
0 0.641667 0.288889 0.147917 0.320370
1 0.549479 0.211111 0.029167 0.068519
1 0.665365 0.216667 0.050521 0.048148
1 0.111458 0.211111 0.060417 0.107407
0 0.877344 0.908333 0.178646 0.183333
0 0.314063 0.125000 0.220833 0.248148
0 0.756771 0.114815 0.172917 0.227778
