1 0.207552 0.895833 0.051562 0.091667
1 0.174740 0.807407 0.040104 0.059259
1 0.373958 0.588889 0.228125 0.800000
1 0.512760 0.712500 0.047396 0.054630
1 0.139844 0.715741 0.048438 0.046296
0 0.738542 0.622222 0.289583 0.437037
1 0.508854 0.651852 0.050000 0.094444
1 0.908073 0.578704 0.040104 0.059259
1 0.559635 0.500463 0.043229 0.084259
1 0.157031 0.480556 0.039062 0.062963
1 0.885677 0.421759 0.043229 0.071296
1 0.225781 0.861111 0.060937 0.038889
1 0.057292 0.412500 0.059375 0.076852
0 0.529948 0.577778 0.053646 0.137037
1 0.535156 0.334259 0.042188 0.083333
1 0.019531 0.508333 0.038021 0.064815
1 0.017448 0.650000 0.033854 0.064815
0 0.789062 0.298611 0.153125 0.212037
1 0.027344 0.944907 0.041146 0.097222
1 0.147656 0.921296 0.034896 0.062963
1 0.513281 0.259259 0.048438 0.081481
0 0.633333 0.307407 0.147917 0.320370
1 0.544792 0.232407 0.029167 0.068519
1 0.657552 0.233333 0.050521 0.048148
1 0.111458 0.224074 0.060417 0.107407
0 0.866927 0.917130 0.176563 0.165741
0 0.319010 0.139352 0.243229 0.276852
0 0.749740 0.124537 0.169271 0.247222
