1 0.205469 0.918981 0.051562 0.091667
1 0.170052 0.822222 0.040104 0.059259
1 0.371615 0.608333 0.228646 0.783333
1 0.507552 0.726389 0.047396 0.054630
1 0.137760 0.733333 0.048438 0.046296
0 0.731510 0.624074 0.278646 0.453704
1 0.503125 0.675000 0.048958 0.075926
1 0.902865 0.591667 0.040104 0.059259
1 0.551823 0.517130 0.043229 0.084259
1 0.157031 0.480556 0.039062 0.062963
1 0.876823 0.439352 0.043229 0.071296
1 0.223698 0.873148 0.060937 0.038889
1 0.055208 0.425463 0.059375 0.076852
0 0.526302 0.581481 0.051562 0.122222
1 0.529948 0.348148 0.042188 0.083333
1 0.017448 0.523611 0.033854 0.058333
1 0.017448 0.650000 0.033854 0.064815
0 0.781771 0.319444 0.152083 0.205556
1 0.021354 0.960185 0.038542 0.079630
1 0.145052 0.936111 0.034896 0.062963
1 0.511719 0.276852 0.048438 0.081481
0 0.630208 0.321296 0.147917 0.320370
1 0.539062 0.253704 0.029167 0.068519
1 0.652344 0.256481 0.050521 0.048148
1 0.109375 0.252778 0.060417 0.107407
0 0.314323 0.147222 0.251563 0.292593
0 0.740885 0.141204 0.166146 0.252778
