1 0.195573 0.931019 0.051562 0.091667
1 0.163802 0.831481 0.040104 0.059259
1 0.366927 0.608333 0.228646 0.783333
1 0.498177 0.739352 0.047396 0.054630
1 0.128385 0.737963 0.048438 0.046296
0 0.726823 0.634259 0.278646 0.453704
1 0.497396 0.675926 0.048958 0.075926
1 0.897656 0.594444 0.040104 0.059259
1 0.547135 0.517130 0.043229 0.084259
1 0.144531 0.497222 0.039062 0.062963
1 0.872656 0.442130 0.043229 0.071296
1 0.216406 0.880556 0.060937 0.038889
1 0.042708 0.429167 0.059375 0.076852
0 0.521615 0.591667 0.051562 0.122222
1 0.519531 0.361111 0.042188 0.083333
0 0.781771 0.319444 0.152083 0.205556
1 0.016406 0.962500 0.031771 0.075000
1 0.135677 0.946296 0.034896 0.062963
1 0.504427 0.285185 0.048438 0.081481
0 0.623437 0.325926 0.147917 0.320370
1 0.529687 0.254630 0.029167 0.068519
1 0.643490 0.258333 0.050521 0.048148
1 0.093229 0.259259 0.060417 0.107407
0 0.297135 0.146759 0.251563 0.291667
0 0.734635 0.148611 0.166146 0.252778
