1 0.190885 0.937500 0.051562 0.091667
1 0.158594 0.848148 0.040104 0.059259
1 0.344271 0.608333 0.259375 0.783333
1 0.497135 0.748611 0.047396 0.054630
1 0.124219 0.752778 0.048438 0.046296
0 0.717448 0.648148 0.278646 0.453704
1 0.493229 0.692593 0.048958 0.075926
1 0.891406 0.604630 0.040104 0.059259
1 0.539844 0.530093 0.043229 0.084259
1 0.140885 0.512963 0.039062 0.062963
1 0.869010 0.452315 0.043229 0.071296
1 0.212240 0.895370 0.060937 0.038889
1 0.041667 0.444907 0.059375 0.076852
0 0.516406 0.610185 0.051562 0.122222
1 0.518490 0.370370 0.042188 0.083333
0 0.771875 0.335185 0.152083 0.205556
1 0.135677 0.958333 0.034896 0.062963
1 0.498698 0.293519 0.048438 0.081481
0 0.615885 0.338889 0.151562 0.298148
1 0.526042 0.266667 0.029167 0.068519
1 0.640885 0.265741 0.050521 0.048148
1 0.092708 0.263889 0.060417 0.107407
0 0.297135 0.156019 0.254688 0.310185
0 0.732031 0.156019 0.166146 0.252778
