1 0.194531 0.954167 0.051562 0.091667
1 0.153906 0.870370 0.040104 0.059259
1 0.344271 0.636111 0.259375 0.727778
1 0.494531 0.772685 0.047396 0.054630
1 0.122135 0.773148 0.048438 0.046296
0 0.712240 0.674074 0.278646 0.453704
1 0.488542 0.717593 0.048958 0.075926
1 0.885156 0.626852 0.040104 0.059259
1 0.536719 0.564352 0.043229 0.084259
1 0.137240 0.543519 0.039062 0.062963
1 0.859115 0.481019 0.043229 0.071296
1 0.207552 0.913889 0.060937 0.038889
1 0.040625 0.471759 0.059375 0.076852
0 0.511719 0.625926 0.051562 0.122222
1 0.513281 0.391667 0.042188 0.083333
0 0.766146 0.355556 0.152083 0.205556
1 0.133073 0.970833 0.032813 0.058333
1 0.495573 0.325926 0.048438 0.081481
0 0.612240 0.357407 0.151562 0.298148
1 0.522396 0.290741 0.029167 0.068519
1 0.638281 0.292593 0.050521 0.048148
1 0.090625 0.296296 0.060417 0.107407
0 0.297135 0.156019 0.254688 0.310185
0 0.722135 0.188426 0.166146 0.252778
1 0.784375 0.027315 0.023958 0.052778
