1 0.190365 0.964352 0.060937 0.071296
1 0.146094 0.909259 0.040104 0.059259
1 0.348958 0.643981 0.232292 0.712037
1 0.109115 0.812963 0.048438 0.046296
0 0.704427 0.713889 0.278646 0.453704
1 0.482552 0.772685 0.051562 0.119444
1 0.875781 0.675926 0.040104 0.059259
1 0.527344 0.590278 0.043229 0.084259
1 0.127865 0.579630 0.039062 0.062963
1 0.854427 0.511574 0.043229 0.071296
1 0.029948 0.506944 0.058854 0.076852
0 0.503906 0.666667 0.051562 0.122222
1 0.502344 0.431481 0.042188 0.083333
0 0.751042 0.396296 0.152083 0.205556
1 0.484115 0.356481 0.048438 0.081481
0 0.612240 0.357407 0.151562 0.298148
1 0.511979 0.323148 0.029167 0.068519
1 0.625260 0.329630 0.050521 0.048148
1 0.080208 0.335185 0.060417 0.107407
0 0.292969 0.174537 0.264062 0.347222
0 0.713281 0.221759 0.166146 0.252778
