1 0.193229 0.986574 0.068750 0.026852
1 0.138802 0.950926 0.040104 0.059259
1 0.340885 0.669444 0.224479 0.661111
1 0.107552 0.850000 0.048438 0.046296
0 0.696615 0.754630 0.278646 0.453704
1 0.476562 0.800926 0.051042 0.087037
1 0.871094 0.715741 0.040104 0.059259
1 0.525521 0.637500 0.043750 0.084259
1 0.125781 0.612963 0.039062 0.062963
1 0.850781 0.562500 0.043229 0.071296
1 0.029687 0.553241 0.058333 0.076852
0 0.494531 0.710185 0.051562 0.122222
1 0.502344 0.469444 0.042188 0.083333
0 0.752604 0.445370 0.152083 0.205556
1 0.483073 0.398148 0.048438 0.081481
0 0.597656 0.425000 0.151562 0.298148
1 0.510417 0.363889 0.029167 0.068519
1 0.622656 0.374074 0.050521 0.048148
1 0.079687 0.370370 0.060417 0.107407
0 0.279948 0.197685 0.272396 0.393519
0 0.709115 0.279167 0.166146 0.252778
0 0.713281 0.092593 0.228646 0.183333
0 0.522917 0.097685 0.116667 0.193519
1 0.770833 0.108333 0.021875 0.072222
