1 0.137760 0.978704 0.038021 0.042593
1 0.343229 0.691667 0.223958 0.616667
1 0.105990 0.889815 0.048438 0.046296
0 0.691927 0.785648 0.276562 0.428704
1 0.473958 0.843519 0.051042 0.087037
1 0.871615 0.770370 0.040104 0.059259
1 0.522917 0.682870 0.043750 0.084259
1 0.123698 0.655556 0.039062 0.062963
1 0.848698 0.606944 0.043229 0.071296
1 0.029427 0.592130 0.057813 0.076852
0 0.491406 0.760185 0.051562 0.122222
1 0.499219 0.508333 0.042188 0.083333
0 0.747656 0.489815 0.152604 0.196296
1 0.480990 0.438889 0.048438 0.081481
0 0.592969 0.471759 0.152604 0.284259
1 0.510938 0.412963 0.029167 0.068519
1 0.622656 0.420370 0.050521 0.048148
1 0.077604 0.412963 0.060417 0.107407
0 0.276042 0.219907 0.276042 0.437963
0 0.701823 0.324537 0.166146 0.252778
0 0.717708 0.126852 0.240625 0.251852
0 0.520573 0.119444 0.120313 0.237037
