1 0.342187 0.712963 0.221875 0.574074
0 0.689844 0.808333 0.273438 0.383333
1 0.868490 0.811111 0.040104 0.059259
1 0.526042 0.717130 0.043750 0.084259
1 0.847656 0.661574 0.043229 0.071296
1 0.029167 0.633796 0.057292 0.076852
0 0.496094 0.802778 0.051562 0.122222
1 0.501302 0.567593 0.042188 0.083333
0 0.747656 0.489815 0.152604 0.196296
1 0.481510 0.487963 0.048438 0.081481
0 0.592969 0.471759 0.152604 0.284259
1 0.511979 0.455556 0.029167 0.068519
1 0.076042 0.456481 0.060417 0.107407
0 0.279167 0.243519 0.273958 0.485185
0 0.704948 0.361574 0.166146 0.252778
0 0.711458 0.165278 0.215625 0.260185
0 0.525781 0.161111 0.120313 0.237037
1 0.088542 0.062963 0.056250 0.081481
