0 0.521094 0.357407 0.302604 0.348148
1 0.191146 0.029167 0.019792 0.028704
1 0.220833 0.257870 0.034375 0.045370
1 0.030208 0.187963 0.010417 0.022222
1 0.320052 0.274074 0.010937 0.044444
1 0.118490 0.289352 0.027604 0.084259
1 0.416146 0.492130 0.014583 0.021296
1 0.501563 0.205093 0.035417 0.058333
1 0.102083 0.618519 0.019792 0.040741
1 0.036458 0.557870 0.016667 0.034259
1 0.080990 0.665278 0.032813 0.062037
1 0.211979 0.930093 0.014583 0.043519
1 0.198958 0.714352 0.016667 0.026852
1 0.091146 0.917593 0.020833 0.040741
1 0.756771 0.148148 0.027083 0.059259
1 0.843750 0.044907 0.032292 0.075000
1 0.792188 0.721759 0.030208 0.076852
1 0.821615 0.431944 0.030729 0.076852
1 0.955469 0.240741 0.039062 0.072222
1 0.717448 0.593519 0.039062 0.040741
1 0.926302 0.098148 0.035937 0.085185
1 0.955208 0.106481 0.026042 0.053704
