1 0.346094 0.723611 0.222396 0.552778
0 0.688021 0.833333 0.265625 0.333333
1 0.867448 0.862963 0.040104 0.059259
1 0.525000 0.767130 0.043750 0.084259
1 0.847656 0.713426 0.043229 0.071296
1 0.030729 0.668056 0.057292 0.076852
0 0.494531 0.834259 0.051562 0.122222
1 0.498698 0.605556 0.042188 0.083333
0 0.749740 0.590741 0.152604 0.196296
1 0.478385 0.533333 0.048438 0.081481
0 0.594531 0.563426 0.152604 0.284259
1 0.513021 0.500926 0.029167 0.068519
1 0.078646 0.487963 0.060417 0.107407
0 0.279687 0.262963 0.275000 0.524074
0 0.711719 0.412500 0.166146 0.252778
0 0.710938 0.216204 0.215625 0.260185
0 0.527344 0.210185 0.120313 0.237037
1 0.088021 0.097222 0.056250 0.081481
1 0.474219 0.934259 0.053646 0.087037
1 0.382812 0.046296 0.061458 0.090741
1 0.425260 0.162500 0.032813 0.037963
1 0.771094 0.250926 0.021354 0.066667
