1 0.350521 0.757407 0.218750 0.485185
0 0.690365 0.858333 0.259896 0.283333
1 0.870573 0.914815 0.040104 0.059259
1 0.527604 0.809722 0.043750 0.084259
1 0.848698 0.755093 0.043229 0.071296
1 0.031771 0.712500 0.057292 0.076852
0 0.496094 0.889815 0.051562 0.122222
1 0.500781 0.649074 0.042188 0.083333
0 0.752344 0.635185 0.152604 0.196296
1 0.480990 0.577778 0.048438 0.081481
0 0.600260 0.621759 0.152604 0.284259
1 0.513542 0.543519 0.029167 0.068519
1 0.082292 0.536111 0.060417 0.107407
0 0.287500 0.285648 0.268750 0.569444
0 0.708594 0.471759 0.166146 0.252778
0 0.715104 0.262500 0.215625 0.260185
0 0.527865 0.270370 0.120313 0.237037
1 0.093229 0.141667 0.048958 0.072222
1 0.473958 0.965741 0.054167 0.068519
1 0.387500 0.083333 0.061458 0.090741
1 0.432031 0.204167 0.032813 0.037963
1 0.128906 0.784259 0.031771 0.057407
1 0.774479 0.300926 0.020833 0.059259
