1 0.344792 0.784259 0.213542 0.431481
0 0.687760 0.885648 0.265104 0.228704
1 0.873177 0.963889 0.040104 0.059259
1 0.525521 0.854167 0.043750 0.084259
1 0.847656 0.804167 0.043229 0.071296
1 0.028906 0.756944 0.056771 0.076852
0 0.496094 0.938889 0.051562 0.122222
1 0.500781 0.702778 0.042188 0.083333
0 0.754427 0.686111 0.152604 0.196296
1 0.480990 0.616667 0.048438 0.081481
0 0.597656 0.660648 0.152604 0.284259
1 0.513542 0.589815 0.029167 0.068519
1 0.081771 0.581481 0.060417 0.107407
0 0.286719 0.366667 0.273438 0.518519
0 0.710156 0.514352 0.166146 0.252778
0 0.719271 0.290278 0.215625 0.260185
0 0.528385 0.304630 0.120313 0.237037
1 0.094271 0.184259 0.048958 0.072222
1 0.387500 0.121296 0.061458 0.090741
1 0.430469 0.248611 0.032813 0.037963
1 0.125260 0.824074 0.031771 0.057407
1 0.055990 0.041667 0.053646 0.081481
1 0.776302 0.343056 0.024479 0.060185
