1 0.347656 0.812037 0.211979 0.375926
0 0.634635 0.929630 0.064062 0.090741
1 0.524479 0.909722 0.043750 0.084259
1 0.849740 0.867130 0.043229 0.071296
1 0.028646 0.816204 0.056250 0.076852
1 0.503906 0.754630 0.042188 0.083333
0 0.757031 0.738889 0.152604 0.196296
1 0.483073 0.675926 0.048438 0.081481
0 0.595573 0.712500 0.152604 0.284259
1 0.511979 0.639815 0.029167 0.068519
1 0.079687 0.628704 0.060417 0.107407
0 0.280469 0.425000 0.273438 0.518519
0 0.715885 0.570833 0.166146 0.252778
0 0.719792 0.363426 0.215625 0.260185
0 0.533073 0.359259 0.120313 0.237037
1 0.090625 0.234259 0.048958 0.072222
1 0.388021 0.175000 0.061458 0.090741
1 0.431510 0.288426 0.032813 0.037963
1 0.053906 0.084259 0.053646 0.081481
1 0.369271 0.340278 0.026042 0.052778
1 0.624740 0.649537 0.045312 0.050926
1 0.385417 0.042593 0.040625 0.055556
0 0.618490 0.081944 0.279687 0.162037
1 0.780208 0.394444 0.019792 0.066667
