1 0.346875 0.833333 0.206250 0.333333
1 0.523438 0.957870 0.043750 0.084259
1 0.853385 0.908796 0.043229 0.071296
1 0.018750 0.857870 0.036458 0.076852
1 0.501823 0.799074 0.042188 0.083333
0 0.760156 0.791667 0.152604 0.196296
1 0.484635 0.717593 0.048438 0.081481
0 0.592969 0.767130 0.152604 0.284259
1 0.514062 0.686111 0.029167 0.068519
1 0.076563 0.677778 0.060417 0.107407
0 0.277344 0.463889 0.273438 0.518519
0 0.715365 0.611574 0.166146 0.252778
0 0.719271 0.398611 0.215625 0.260185
0 0.528385 0.393519 0.120313 0.237037
1 0.089063 0.278704 0.048958 0.072222
1 0.388542 0.213889 0.061458 0.090741
1 0.430990 0.334722 0.032813 0.037963
1 0.051302 0.124074 0.053646 0.081481
1 0.369271 0.385648 0.026042 0.052778
1 0.628906 0.696759 0.045312 0.050926
1 0.384896 0.074074 0.040625 0.055556
0 0.617448 0.108796 0.293229 0.215741
1 0.118750 0.927778 0.040625 0.059259
0 0.260156 0.112963 0.181771 0.224074
1 0.784635 0.441667 0.020313 0.068519
