1 0.347396 0.850926 0.206250 0.298148
1 0.858073 0.949537 0.043229 0.071296
1 0.020573 0.893981 0.040104 0.073148
1 0.499740 0.822222 0.042188 0.083333
0 0.760156 0.824074 0.152604 0.196296
1 0.483594 0.749074 0.048438 0.081481
0 0.591927 0.793981 0.152604 0.284259
1 0.512500 0.715741 0.029167 0.068519
1 0.076563 0.677778 0.060417 0.107407
0 0.280469 0.488889 0.273438 0.518519
0 0.716406 0.656944 0.166146 0.252778
0 0.719271 0.429167 0.215625 0.260185
0 0.526823 0.425000 0.120313 0.237037
1 0.080208 0.313889 0.048958 0.072222
1 0.384896 0.241667 0.061458 0.090741
1 0.429948 0.361574 0.032813 0.037963
1 0.046094 0.149074 0.053646 0.081481
1 0.367708 0.411574 0.026042 0.052778
1 0.627865 0.733796 0.045312 0.050926
1 0.385937 0.106481 0.040625 0.055556
0 0.616406 0.124074 0.294271 0.246296
1 0.113021 0.965741 0.040625 0.059259
0 0.260156 0.112963 0.181771 0.224074
1 0.295312 0.087500 0.048958 0.062037
1 0.917708 0.035648 0.053125 0.063889
1 0.785937 0.474537 0.016667 0.063889
