1 0.345052 0.865741 0.186979 0.268519
1 0.496615 0.867593 0.042188 0.083333
0 0.758073 0.864815 0.152604 0.196296
1 0.479427 0.782407 0.048438 0.081481
0 0.583073 0.823611 0.152604 0.284259
1 0.509375 0.750000 0.029167 0.068519
1 0.062500 0.737963 0.060417 0.107407
0 0.274740 0.520370 0.273438 0.518519
0 0.720573 0.689352 0.166146 0.252778
0 0.720313 0.467130 0.215625 0.260185
0 0.527344 0.459259 0.120313 0.237037
1 0.077604 0.331481 0.048958 0.072222
1 0.383333 0.269444 0.061458 0.090741
1 0.425260 0.388426 0.032813 0.037963
1 0.042448 0.173148 0.053646 0.081481
1 0.364063 0.437500 0.026042 0.052778
1 0.386458 0.131481 0.040625 0.055556
0 0.616406 0.139352 0.298438 0.276852
0 0.258854 0.145833 0.190625 0.289815
1 0.292187 0.110648 0.048958 0.062037
1 0.915104 0.057870 0.053125 0.063889
1 0.328646 0.044444 0.026042 0.062963
1 0.626042 0.766204 0.046875 0.052778
1 0.784375 0.506944 0.027083 0.075000
