1 0.341927 0.885648 0.185938 0.228704
1 0.497135 0.897222 0.042188 0.083333
0 0.759635 0.891667 0.164062 0.216667
1 0.479948 0.816667 0.048438 0.081481
0 0.585677 0.857870 0.152604 0.284259
1 0.509375 0.777778 0.029167 0.068519
1 0.059375 0.762963 0.060417 0.107407
0 0.269010 0.560185 0.273438 0.518519
0 0.719531 0.710648 0.166146 0.252778
0 0.720313 0.493981 0.215625 0.260185
0 0.526823 0.481481 0.120313 0.237037
1 0.067708 0.350926 0.048958 0.072222
1 0.383333 0.295370 0.061458 0.090741
1 0.422656 0.409722 0.032813 0.037963
1 0.037240 0.193519 0.053646 0.081481
1 0.359375 0.463426 0.026042 0.052778
1 0.380208 0.150000 0.040625 0.055556
0 0.617188 0.148611 0.306250 0.295370
0 0.259635 0.157407 0.195312 0.312963
1 0.290625 0.130093 0.048958 0.062037
1 0.917708 0.083796 0.053125 0.063889
1 0.321875 0.060185 0.026042 0.062963
1 0.626042 0.794907 0.046875 0.052778
1 0.785417 0.531944 0.027083 0.075000
1 0.687240 0.863889 0.038021 0.051852
