1 0.492448 0.923148 0.042188 0.083333
0 0.760417 0.908796 0.164583 0.182407
1 0.475260 0.838889 0.048438 0.081481
0 0.586979 0.865741 0.148958 0.268519
1 0.505208 0.810185 0.029167 0.068519
1 0.055729 0.795370 0.060417 0.107407
0 0.265885 0.578704 0.280729 0.551852
0 0.717969 0.749537 0.166146 0.252778
0 0.716667 0.521759 0.215625 0.260185
0 0.525260 0.508333 0.120313 0.237037
1 0.064062 0.383333 0.048958 0.072222
1 0.374479 0.316667 0.061458 0.090741
1 0.420573 0.434722 0.032813 0.037963
1 0.030990 0.212963 0.053646 0.081481
1 0.355729 0.493056 0.026042 0.052778
1 0.378646 0.175000 0.040625 0.055556
0 0.608333 0.163889 0.328125 0.325926
0 0.262760 0.166667 0.217188 0.331481
1 0.286458 0.151389 0.048958 0.062037
1 0.916667 0.108796 0.053125 0.063889
1 0.318750 0.087963 0.026042 0.062963
1 0.626563 0.822685 0.046875 0.052778
1 0.781771 0.559722 0.027083 0.075000
1 0.690365 0.896296 0.038021 0.051852
