1 0.486198 0.958333 0.042188 0.083333
1 0.471094 0.878704 0.048438 0.081481
0 0.586979 0.865741 0.148958 0.268519
1 0.501042 0.838889 0.029167 0.068519
1 0.051302 0.818519 0.060937 0.107407
0 0.260156 0.607407 0.280729 0.551852
0 0.714323 0.783796 0.166146 0.252778
0 0.717187 0.556019 0.226042 0.282407
0 0.520052 0.530556 0.120313 0.237037
1 0.056250 0.402778 0.048958 0.072222
1 0.372917 0.338426 0.061458 0.099074
1 0.414844 0.464352 0.032813 0.037963
1 0.027083 0.240741 0.053125 0.081481
1 0.352604 0.515278 0.026042 0.052778
1 0.372396 0.200000 0.040625 0.055556
0 0.601042 0.175463 0.328125 0.349074
0 0.258073 0.181019 0.224479 0.360185
1 0.280208 0.176389 0.048958 0.062037
1 0.915104 0.131944 0.053125 0.063889
1 0.315104 0.104630 0.026042 0.062963
1 0.621354 0.856944 0.046875 0.052778
1 0.782813 0.590278 0.027083 0.075000
1 0.683073 0.927778 0.038021 0.051852
