0 0.464844 0.524074 0.310937 0.748148
0 0.461719 0.769907 0.311979 0.460185
1 0.737500 0.370833 0.055208 0.089815
1 0.656250 0.442593 0.035417 0.087037
1 0.695833 0.504630 0.032292 0.070370
1 0.819271 0.818981 0.045833 0.075000
1 0.353125 0.922685 0.055208 0.112037
1 0.665104 0.571296 0.038542 0.064815
1 0.868490 0.310648 0.028646 0.050926
1 0.700521 0.732870 0.032292 0.091667
1 0.228385 0.150000 0.031771 0.050000
1 0.216927 0.846296 0.036979 0.077778
1 0.120833 0.495370 0.028125 0.057407
1 0.391927 0.337963 0.031771 0.051852
