0 0.519010 0.376852 0.302604 0.342593
1 0.027083 0.205093 0.013542 0.025000
1 0.188021 0.048611 0.016667 0.025000
1 0.112500 0.305093 0.027083 0.089815
1 0.216927 0.280093 0.036979 0.049074
1 0.314323 0.292130 0.011979 0.043519
1 0.498437 0.227315 0.030208 0.056481
1 0.096094 0.637037 0.023438 0.038889
1 0.031771 0.577315 0.019792 0.034259
1 0.411719 0.513889 0.016146 0.016667
1 0.075781 0.683796 0.031771 0.058333
1 0.194531 0.731944 0.015104 0.030556
1 0.205729 0.950000 0.011458 0.044444
1 0.752344 0.170833 0.030729 0.054630
1 0.842448 0.070833 0.029687 0.076852
1 0.921875 0.124537 0.037500 0.082407
1 0.953385 0.134259 0.026562 0.051852
1 0.951823 0.265278 0.035937 0.060185
1 0.787760 0.741667 0.032813 0.072222
1 0.818229 0.456944 0.027083 0.073148
1 0.713802 0.617593 0.041146 0.046296
