1 0.484375 0.970370 0.038542 0.059259
1 0.466927 0.902778 0.048438 0.081481
1 0.498437 0.865741 0.029167 0.068519
1 0.041406 0.849074 0.060937 0.107407
0 0.247656 0.633333 0.280729 0.551852
0 0.709635 0.807870 0.166146 0.252778
0 0.717187 0.581944 0.226042 0.282407
0 0.520052 0.530556 0.120313 0.237037
1 0.055729 0.432407 0.048958 0.072222
1 0.368750 0.367130 0.061458 0.099074
1 0.411719 0.485648 0.032813 0.037963
1 0.021094 0.261111 0.041146 0.081481
1 0.345833 0.540278 0.026042 0.052778
1 0.370833 0.218519 0.040625 0.055556
0 0.598437 0.188889 0.327083 0.375926
0 0.254427 0.189352 0.230729 0.376852
1 0.275000 0.195833 0.048958 0.062037
1 0.919792 0.152315 0.053125 0.063889
1 0.309375 0.127778 0.026042 0.062963
1 0.616146 0.877315 0.046875 0.052778
1 0.780729 0.618056 0.027083 0.075000
1 0.683073 0.955093 0.040104 0.063889
