1 0.462240 0.916667 0.048438 0.081481
1 0.495833 0.881944 0.027083 0.078704
1 0.041406 0.865741 0.060937 0.107407
0 0.250781 0.662963 0.280729 0.551852
0 0.709115 0.828241 0.166146 0.252778
0 0.716667 0.606944 0.226042 0.282407
0 0.514844 0.579630 0.120313 0.237037
1 0.048958 0.440741 0.048958 0.072222
1 0.367188 0.383796 0.061458 0.099074
1 0.411719 0.503241 0.032813 0.037963
1 0.020833 0.270370 0.040625 0.081481
1 0.345313 0.555093 0.026042 0.052778
1 0.367969 0.239352 0.042188 0.060185
0 0.599740 0.193519 0.332813 0.385185
0 0.249219 0.197222 0.238021 0.392593
1 0.275521 0.214352 0.048958 0.062037
1 0.919271 0.171759 0.053125 0.063889
1 0.310937 0.145370 0.026042 0.062963
1 0.614062 0.903241 0.046875 0.052778
1 0.779687 0.631944 0.027083 0.075000
1 0.680469 0.968056 0.040104 0.063889
