1 0.460156 0.941667 0.048438 0.081481
1 0.493750 0.901389 0.027083 0.078704
1 0.035156 0.874074 0.060937 0.107407
0 0.247917 0.667130 0.287500 0.565741
0 0.706510 0.853241 0.166146 0.252778
0 0.712500 0.618981 0.226042 0.282407
0 0.516927 0.591667 0.120313 0.237037
1 0.045833 0.462037 0.048958 0.072222
1 0.366146 0.406019 0.061458 0.099074
1 0.413281 0.522685 0.032813 0.037963
1 0.018229 0.289352 0.035417 0.080556
1 0.345313 0.571759 0.026042 0.052778
1 0.366406 0.252315 0.042188 0.060185
0 0.598698 0.203704 0.332813 0.385185
0 0.247135 0.205093 0.242188 0.408333
1 0.274479 0.229167 0.048958 0.062037
1 0.917188 0.191204 0.053125 0.063889
1 0.309896 0.152778 0.026042 0.062963
1 0.613542 0.913426 0.046875 0.052778
1 0.776563 0.653241 0.027083 0.075000
