1 0.459635 0.950000 0.048438 0.081481
1 0.490365 0.912037 0.029687 0.079630
1 0.038281 0.890741 0.060937 0.107407
0 0.243229 0.682870 0.287500 0.565741
0 0.704948 0.862500 0.166146 0.252778
0 0.711458 0.628241 0.226042 0.282407
0 0.509635 0.612963 0.120313 0.237037
1 0.042708 0.477778 0.048958 0.072222
1 0.364063 0.417130 0.061458 0.099074
1 0.409115 0.535648 0.032813 0.037963
1 0.017969 0.301389 0.034896 0.080556
1 0.341146 0.583796 0.026042 0.052778
1 0.365365 0.265278 0.042188 0.060185
0 0.595573 0.218519 0.331771 0.381481
0 0.247396 0.208333 0.240625 0.414815
1 0.272917 0.236574 0.048958 0.062037
1 0.916146 0.208796 0.053125 0.063889
1 0.307812 0.165741 0.026042 0.062963
1 0.610417 0.931019 0.046875 0.052778
1 0.773958 0.671759 0.027083 0.075000
