1 0.457552 0.956481 0.048438 0.081481
1 0.486719 0.919444 0.029687 0.079630
1 0.030729 0.887037 0.060417 0.107407
0 0.240625 0.689352 0.287500 0.565741
0 0.700781 0.870833 0.166146 0.252778
0 0.708333 0.655093 0.226042 0.282407
0 0.509635 0.623148 0.120313 0.237037
1 0.039583 0.481481 0.048958 0.072222
1 0.363021 0.422685 0.061458 0.099074
1 0.405990 0.540278 0.032813 0.037963
1 0.017708 0.304167 0.034375 0.080556
1 0.340625 0.591204 0.026042 0.052778
1 0.365365 0.272685 0.042188 0.060185
0 0.592187 0.239815 0.337500 0.400000
0 0.244271 0.221296 0.240625 0.414815
1 0.268229 0.245833 0.048958 0.062037
1 0.915625 0.214352 0.053125 0.063889
1 0.307812 0.165741 0.026042 0.062963
1 0.607812 0.937500 0.046875 0.052778
1 0.770833 0.680093 0.027083 0.075000
