1 0.452865 0.959259 0.048438 0.081481
1 0.486719 0.919444 0.029687 0.079630
1 0.032292 0.891667 0.060417 0.107407
0 0.239583 0.685648 0.287500 0.565741
0 0.707292 0.654167 0.226042 0.282407
0 0.509635 0.623148 0.120313 0.237037
1 0.039844 0.478704 0.039062 0.064815
1 0.363021 0.422685 0.061458 0.099074
1 0.405990 0.540278 0.032813 0.037963
1 0.014844 0.301852 0.028646 0.087037
1 0.340625 0.591204 0.026042 0.052778
1 0.364323 0.274537 0.042188 0.060185
0 0.594792 0.237037 0.337500 0.400000
0 0.239844 0.234722 0.245312 0.397222
1 0.268229 0.246759 0.048958 0.062037
1 0.918750 0.223611 0.053125 0.063889
1 0.307812 0.167593 0.026042 0.062963
1 0.608333 0.943981 0.046875 0.052778
1 0.774479 0.687500 0.027083 0.075000
0 0.703646 0.873611 0.169792 0.252778
