1 0.452865 0.962500 0.050521 0.075000
1 0.486719 0.925926 0.029687 0.079630
1 0.033854 0.893519 0.060417 0.107407
0 0.238021 0.692130 0.287500 0.565741
0 0.709896 0.664352 0.226042 0.282407
0 0.510156 0.626852 0.120313 0.237037
1 0.035677 0.480556 0.039062 0.064815
1 0.363021 0.422685 0.061458 0.099074
1 0.405990 0.540278 0.032813 0.037963
1 0.340625 0.591204 0.026042 0.052778
1 0.364323 0.274537 0.042188 0.060185
0 0.596354 0.246296 0.337500 0.400000
0 0.239844 0.232870 0.245312 0.397222
1 0.268229 0.246759 0.048958 0.062037
1 0.918750 0.223611 0.053125 0.063889
1 0.307292 0.169444 0.026042 0.062963
1 0.604688 0.952315 0.046875 0.052778
1 0.774479 0.694907 0.027083 0.075000
0 0.701302 0.879630 0.169271 0.240741
