1 0.451562 0.965741 0.053125 0.068519
1 0.483594 0.930556 0.029687 0.079630
1 0.033333 0.897222 0.060417 0.107407
0 0.236979 0.693981 0.287500 0.565741
0 0.710417 0.665278 0.226042 0.282407
0 0.511198 0.630556 0.120313 0.237037
1 0.037240 0.485185 0.039062 0.064815
1 0.361979 0.427315 0.061458 0.099074
1 0.406510 0.550463 0.032813 0.037963
1 0.339583 0.597685 0.026042 0.052778
1 0.364323 0.280093 0.042188 0.060185
0 0.596354 0.246296 0.337500 0.400000
0 0.238802 0.235648 0.245312 0.397222
1 0.268229 0.252315 0.048958 0.062037
1 0.922917 0.228241 0.053125 0.063889
1 0.307292 0.169444 0.026042 0.062963
1 0.605729 0.954167 0.046875 0.052778
1 0.773958 0.703241 0.027083 0.075000
0 0.699219 0.881481 0.169271 0.237037
