1 0.451823 0.970370 0.052604 0.059259
1 0.483594 0.941667 0.029687 0.079630
1 0.033333 0.899074 0.060417 0.107407
0 0.239844 0.707870 0.282813 0.584259
0 0.708854 0.679167 0.226042 0.282407
0 0.511198 0.630556 0.120313 0.237037
1 0.037240 0.490741 0.039062 0.064815
1 0.361979 0.427315 0.061458 0.099074
1 0.405990 0.553241 0.032813 0.037963
1 0.338021 0.601389 0.026042 0.052778
1 0.365885 0.284722 0.042188 0.060185
0 0.598437 0.258333 0.337500 0.400000
0 0.242448 0.248611 0.245312 0.397222
1 0.268750 0.257870 0.048958 0.062037
1 0.924479 0.238426 0.053125 0.063889
1 0.307812 0.179630 0.026042 0.062963
1 0.605729 0.961574 0.046875 0.052778
1 0.775000 0.711574 0.027083 0.075000
0 0.704688 0.887500 0.173958 0.225000
