1 0.483594 0.957407 0.029687 0.079630
1 0.033333 0.915741 0.060417 0.107407
0 0.238802 0.707870 0.282813 0.584259
0 0.710417 0.699074 0.230208 0.290741
0 0.511198 0.652778 0.120313 0.237037
1 0.036719 0.500926 0.039062 0.064815
1 0.365104 0.449537 0.061458 0.099074
1 0.405469 0.568056 0.032813 0.037963
1 0.338021 0.616204 0.026042 0.052778
1 0.367969 0.298611 0.042188 0.060185
0 0.600000 0.269444 0.337500 0.400000
0 0.242448 0.257870 0.245312 0.397222
1 0.270833 0.271759 0.048958 0.062037
1 0.927604 0.255093 0.053125 0.063889
1 0.308854 0.187037 0.026042 0.062963
1 0.601042 0.973611 0.046875 0.052778
1 0.775000 0.711574 0.027083 0.075000
0 0.703385 0.892130 0.171354 0.215741
