1 0.482031 0.960185 0.029687 0.079630
1 0.033333 0.932407 0.060417 0.107407
0 0.238021 0.719907 0.289583 0.560185
0 0.714063 0.708333 0.230208 0.290741
0 0.504948 0.675926 0.120313 0.237037
1 0.039323 0.512963 0.039062 0.064815
1 0.362500 0.468056 0.061458 0.099074
1 0.404948 0.581944 0.032813 0.037963
1 0.339062 0.629167 0.026042 0.052778
1 0.366927 0.312500 0.042188 0.060185
0 0.596875 0.282407 0.337500 0.400000
0 0.238802 0.269907 0.245312 0.397222
1 0.269792 0.286574 0.048958 0.062037
1 0.927604 0.266204 0.053125 0.063889
1 0.307292 0.204630 0.026042 0.062963
1 0.772917 0.744907 0.027083 0.075000
