1 0.030469 0.942593 0.059896 0.107407
0 0.236719 0.728704 0.291146 0.542593
0 0.714063 0.716667 0.230208 0.290741
0 0.507031 0.687037 0.120313 0.237037
1 0.038281 0.525926 0.039062 0.064815
1 0.362500 0.477315 0.061458 0.099074
1 0.403385 0.597685 0.032813 0.037963
1 0.338021 0.649537 0.026042 0.052778
1 0.364844 0.325463 0.042188 0.060185
0 0.594010 0.300000 0.338021 0.400000
0 0.239844 0.286574 0.245312 0.397222
1 0.269792 0.296759 0.048958 0.062037
1 0.925000 0.290278 0.053125 0.063889
1 0.305729 0.213889 0.026042 0.062963
1 0.772396 0.757870 0.027083 0.075000
0 0.506250 0.069444 0.133333 0.137037
