1 0.032552 0.948611 0.064062 0.095370
0 0.236198 0.735185 0.292187 0.529630
0 0.708854 0.727778 0.230208 0.290741
0 0.507031 0.700926 0.120313 0.237037
1 0.037760 0.537963 0.039062 0.064815
1 0.361458 0.493981 0.061458 0.099074
1 0.404427 0.612500 0.032813 0.037963
1 0.338021 0.658796 0.026042 0.052778
1 0.362760 0.337500 0.042188 0.060185
0 0.596094 0.326852 0.338021 0.400000
0 0.237240 0.293981 0.245312 0.397222
1 0.269792 0.307870 0.048958 0.062037
1 0.925000 0.295833 0.053125 0.063889
1 0.305729 0.231481 0.026042 0.062963
1 0.772396 0.757870 0.027083 0.075000
0 0.506510 0.072222 0.134896 0.142593
