0 0.235156 0.741204 0.292187 0.517593
0 0.706250 0.749074 0.230208 0.290741
0 0.505469 0.717593 0.120313 0.237037
1 0.034115 0.550926 0.039062 0.064815
1 0.360417 0.511574 0.061458 0.099074
1 0.404427 0.624537 0.032813 0.037963
1 0.338021 0.671759 0.026042 0.052778
1 0.362760 0.350463 0.042188 0.060185
0 0.593490 0.341667 0.338021 0.400000
0 0.233073 0.306944 0.245312 0.397222
1 0.268229 0.324537 0.048958 0.062037
1 0.927083 0.309722 0.053125 0.063889
1 0.304688 0.242593 0.026042 0.062963
1 0.771875 0.784722 0.027083 0.075000
0 0.506250 0.080093 0.135417 0.158333
1 0.913802 0.037037 0.044271 0.072222
