0 0.229687 0.746296 0.295833 0.507407
0 0.706250 0.762037 0.230208 0.290741
0 0.502865 0.738889 0.120313 0.237037
1 0.033594 0.574074 0.039062 0.064815
1 0.358854 0.514352 0.061458 0.099074
1 0.400260 0.634722 0.032813 0.037963
1 0.335417 0.684722 0.026042 0.052778
1 0.360677 0.362500 0.042188 0.060185
0 0.590885 0.349074 0.338021 0.400000
0 0.235156 0.331944 0.245312 0.397222
1 0.263542 0.338426 0.048958 0.062037
1 0.925521 0.325463 0.053125 0.063889
1 0.304167 0.258333 0.026042 0.062963
1 0.769792 0.801389 0.027083 0.075000
0 0.501302 0.089815 0.139063 0.177778
1 0.912240 0.040741 0.044271 0.072222
0 0.238021 0.123611 0.189583 0.245370
