0 0.229687 0.746296 0.295833 0.507407
0 0.700000 0.774074 0.230208 0.290741
0 0.500260 0.757407 0.120313 0.237037
1 0.031250 0.585185 0.039583 0.064815
1 0.355729 0.539352 0.061458 0.099074
1 0.398177 0.655093 0.032813 0.037963
1 0.331250 0.703241 0.026042 0.052778
1 0.358594 0.382870 0.042188 0.060185
0 0.590885 0.366667 0.338021 0.400000
0 0.233073 0.353241 0.245312 0.397222
1 0.263021 0.357870 0.048958 0.062037
1 0.923438 0.343981 0.053125 0.063889
1 0.300521 0.268519 0.026042 0.062963
1 0.764583 0.816204 0.027083 0.075000
0 0.498177 0.093056 0.141146 0.184259
1 0.910156 0.055556 0.044271 0.072222
0 0.235417 0.128241 0.190625 0.254630
