0 0.223958 0.762037 0.297917 0.475926
0 0.698958 0.798148 0.230208 0.290741
0 0.499219 0.774074 0.120313 0.237037
1 0.024219 0.602778 0.040104 0.064815
1 0.350521 0.555093 0.061458 0.099074
1 0.397135 0.669907 0.032813 0.037963
1 0.330729 0.716204 0.026042 0.052778
1 0.356510 0.398611 0.042188 0.060185
0 0.589844 0.374074 0.338021 0.400000
0 0.227344 0.349537 0.245312 0.397222
1 0.259375 0.369907 0.048958 0.062037
1 0.923438 0.356019 0.053125 0.063889
1 0.297396 0.288889 0.026042 0.062963
1 0.764583 0.840278 0.027083 0.075000
0 0.492969 0.107407 0.143229 0.212963
1 0.905990 0.069444 0.044271 0.072222
0 0.230990 0.133333 0.194271 0.264815
