0 0.223958 0.768519 0.298958 0.462963
0 0.698958 0.800000 0.230208 0.290741
0 0.495052 0.793519 0.120313 0.237037
1 0.024219 0.611111 0.040104 0.064815
1 0.354687 0.569907 0.061458 0.099074
1 0.394531 0.685648 0.032813 0.037963
1 0.328646 0.727315 0.026042 0.052778
1 0.357031 0.410648 0.042188 0.060185
0 0.585156 0.387963 0.338021 0.400000
0 0.230990 0.372685 0.245312 0.397222
1 0.259896 0.383796 0.048958 0.062037
1 0.925000 0.380093 0.053125 0.063889
1 0.294792 0.301852 0.026042 0.062963
1 0.764583 0.852315 0.027083 0.075000
0 0.495052 0.112500 0.139063 0.223148
1 0.908073 0.081481 0.044271 0.072222
0 0.222396 0.143056 0.193750 0.284259
