0 0.223698 0.778241 0.301563 0.443519
0 0.700521 0.822222 0.230208 0.290741
0 0.496094 0.807407 0.120313 0.237037
1 0.020313 0.632407 0.039583 0.064815
1 0.349479 0.582870 0.061458 0.099074
1 0.394531 0.697685 0.032813 0.037963
1 0.326042 0.744907 0.026042 0.052778
1 0.357552 0.421759 0.042188 0.060185
0 0.586719 0.407407 0.338021 0.400000
0 0.227344 0.388426 0.245312 0.397222
1 0.256250 0.395833 0.048958 0.062037
1 0.926042 0.387500 0.053125 0.063889
1 0.296354 0.312037 0.026042 0.062963
1 0.765625 0.875463 0.027083 0.075000
0 0.496354 0.119444 0.137500 0.237037
1 0.911719 0.102778 0.044271 0.072222
0 0.225000 0.150926 0.195833 0.300000
