0 0.224740 0.787500 0.302604 0.425000
0 0.700521 0.844444 0.230208 0.290741
0 0.495052 0.820370 0.120313 0.237037
1 0.020052 0.647222 0.039062 0.064815
1 0.349479 0.603241 0.061458 0.099074
1 0.394010 0.715278 0.032813 0.037963
1 0.323958 0.766204 0.026042 0.052778
1 0.354948 0.440278 0.042188 0.060185
0 0.589844 0.435185 0.338021 0.400000
0 0.226302 0.406019 0.245312 0.397222
1 0.256771 0.413426 0.048958 0.062037
1 0.925000 0.407870 0.053125 0.063889
1 0.295833 0.332407 0.026042 0.062963
1 0.765104 0.891204 0.027083 0.075000
0 0.496094 0.127778 0.138021 0.253704
1 0.911719 0.116667 0.044271 0.072222
0 0.224479 0.156481 0.196875 0.311111
