0 0.216927 0.803241 0.299479 0.393519
0 0.696354 0.868519 0.231250 0.262963
0 0.491406 0.858333 0.120313 0.237037
1 0.019792 0.675000 0.038542 0.064815
1 0.348438 0.628241 0.061458 0.099074
1 0.393490 0.741204 0.032813 0.037963
1 0.321875 0.782870 0.026042 0.052778
1 0.353906 0.464352 0.042188 0.060185
0 0.585677 0.458796 0.344271 0.399074
0 0.227344 0.419907 0.245312 0.397222
1 0.255208 0.439352 0.048958 0.062037
1 0.925521 0.433796 0.053125 0.063889
1 0.295312 0.352778 0.026042 0.062963
1 0.762500 0.914352 0.027083 0.075000
0 0.492708 0.186111 0.142708 0.188889
1 0.911719 0.145370 0.044271 0.072222
0 0.221094 0.169907 0.198437 0.337963
1 0.984635 0.031019 0.030729 0.060185
1 0.771615 0.055093 0.034896 0.071296
