0 0.215885 0.814815 0.297396 0.370370
0 0.693229 0.868519 0.231250 0.262963
0 0.490365 0.887963 0.132812 0.224074
1 0.015885 0.706481 0.030729 0.077778
1 0.344271 0.658796 0.061458 0.099074
1 0.386719 0.775463 0.032813 0.037963
1 0.318229 0.825463 0.026042 0.052778
1 0.348698 0.493056 0.042188 0.060185
0 0.584635 0.490278 0.344271 0.399074
0 0.216927 0.452315 0.245312 0.397222
1 0.251042 0.467130 0.048958 0.062037
1 0.921354 0.471759 0.053125 0.063889
1 0.290625 0.373148 0.026042 0.062963
1 0.758333 0.958796 0.027083 0.075000
0 0.488542 0.225926 0.142708 0.188889
1 0.908594 0.178704 0.044271 0.072222
0 0.219271 0.182870 0.191667 0.363889
1 0.984635 0.065278 0.030729 0.060185
1 0.770052 0.087500 0.034896 0.071296
