0 0.205990 0.835185 0.298438 0.329630
0 0.482552 0.913889 0.128646 0.172222
1 0.340104 0.702315 0.061458 0.099074
1 0.379427 0.814352 0.032813 0.037963
1 0.311458 0.860648 0.026042 0.052778
1 0.343490 0.537500 0.042188 0.060185
0 0.576823 0.531944 0.344271 0.399074
0 0.216927 0.500000 0.246354 0.414815
1 0.251042 0.467130 0.048958 0.062037
1 0.916667 0.522685 0.053125 0.063889
1 0.758333 0.958796 0.027083 0.075000
0 0.482812 0.275926 0.142708 0.188889
1 0.904427 0.232407 0.044271 0.072222
0 0.220573 0.251389 0.180729 0.312037
1 0.984635 0.111574 0.030729 0.060185
1 0.766927 0.133796 0.034896 0.071296
1 0.286458 0.423148 0.030208 0.066667
