0 0.200521 0.851852 0.314583 0.296296
1 0.334896 0.742130 0.061458 0.099074
1 0.373177 0.852315 0.032813 0.037963
1 0.307292 0.897685 0.026042 0.052778
1 0.341927 0.572685 0.042188 0.060185
0 0.569010 0.575926 0.355729 0.403704
0 0.210677 0.528704 0.246354 0.414815
1 0.244271 0.543981 0.048958 0.062037
1 0.911979 0.568981 0.053125 0.063889
0 0.484896 0.314815 0.142708 0.188889
1 0.899219 0.279630 0.044271 0.072222
0 0.219010 0.302315 0.180729 0.312037
1 0.982031 0.167130 0.030729 0.060185
1 0.762760 0.185185 0.034896 0.072222
1 0.285938 0.458333 0.030208 0.066667
1 0.256250 0.030093 0.038542 0.058333
