0 0.196354 0.868519 0.322917 0.262963
1 0.330729 0.773611 0.059375 0.112037
1 0.367969 0.888426 0.032813 0.037963
1 0.298438 0.933796 0.026042 0.052778
1 0.339844 0.605093 0.042188 0.060185
0 0.565885 0.619444 0.355729 0.403704
0 0.208594 0.571296 0.246354 0.414815
1 0.241146 0.570833 0.048958 0.062037
1 0.907813 0.614352 0.053125 0.063889
0 0.484896 0.314815 0.142708 0.188889
1 0.897656 0.322222 0.044271 0.072222
0 0.214844 0.331019 0.180729 0.312037
1 0.978906 0.219907 0.030729 0.060185
1 0.763281 0.232407 0.034896 0.072222
1 0.260417 0.056944 0.038542 0.058333
1 0.985938 0.111111 0.028125 0.081481
