1 0.327083 0.789352 0.059375 0.112037
1 0.366927 0.906019 0.032813 0.037963
1 0.298438 0.948611 0.026042 0.052778
1 0.335156 0.626389 0.042188 0.060185
0 0.567448 0.644444 0.355729 0.403704
0 0.202344 0.592593 0.246354 0.414815
1 0.239583 0.593056 0.048958 0.062037
1 0.907813 0.643981 0.053125 0.063889
0 0.477604 0.381481 0.142708 0.188889
1 0.897656 0.350000 0.044271 0.072222
0 0.214323 0.338426 0.180729 0.312037
1 0.979427 0.246759 0.030729 0.060185
1 0.761719 0.256481 0.034896 0.072222
1 0.259635 0.069907 0.038021 0.067593
1 0.985938 0.140741 0.028125 0.081481
0 0.157031 0.118519 0.138021 0.235185
1 0.347135 0.039815 0.045312 0.077778
1 0.314583 0.029167 0.034375 0.056481
0 0.519271 0.193056 0.131250 0.215741
1 0.903646 0.075000 0.039583 0.064815
1 0.846094 0.112963 0.041146 0.044444
