1 0.325521 0.807870 0.059375 0.112037
1 0.362760 0.929167 0.032813 0.037963
1 0.293750 0.966204 0.026042 0.052778
1 0.334635 0.642130 0.042188 0.060185
0 0.560156 0.654630 0.355729 0.403704
0 0.201302 0.606481 0.246354 0.414815
1 0.232292 0.616204 0.048958 0.062037
1 0.904167 0.671759 0.053125 0.063889
0 0.481771 0.394444 0.142708 0.188889
1 0.895573 0.376852 0.044271 0.072222
0 0.219010 0.362500 0.180729 0.312037
1 0.978385 0.268056 0.030729 0.060185
1 0.762760 0.279630 0.034896 0.072222
1 0.259635 0.069907 0.038021 0.067593
1 0.985938 0.166667 0.028125 0.081481
0 0.149479 0.127315 0.140625 0.252778
1 0.347135 0.045370 0.045312 0.077778
1 0.314583 0.029167 0.034375 0.056481
0 0.520052 0.219907 0.132812 0.241667
1 0.901042 0.102778 0.039583 0.064815
1 0.848698 0.137963 0.041146 0.044444
1 0.835677 0.056019 0.031771 0.052778
1 0.805469 0.032407 0.039062 0.062963
