1 0.325521 0.821759 0.059375 0.112037
1 0.364323 0.938426 0.032813 0.037963
1 0.293750 0.973611 0.026042 0.052778
1 0.337760 0.657870 0.042188 0.060185
0 0.559635 0.677778 0.355729 0.403704
0 0.211719 0.621296 0.246354 0.414815
1 0.241146 0.630093 0.048958 0.062037
1 0.902604 0.682870 0.053125 0.063889
0 0.486458 0.418519 0.142708 0.188889
1 0.893490 0.402778 0.044271 0.072222
0 0.226302 0.375463 0.180729 0.312037
1 0.977865 0.296759 0.030729 0.060185
1 0.263021 0.106481 0.033333 0.062963
1 0.985938 0.187037 0.028125 0.081481
0 0.153385 0.137037 0.128646 0.268519
1 0.349740 0.070370 0.045312 0.077778
1 0.321354 0.057870 0.034375 0.056481
0 0.523698 0.228241 0.132812 0.241667
1 0.901563 0.125000 0.039583 0.064815
1 0.849219 0.157407 0.041146 0.044444
1 0.833073 0.081019 0.031771 0.052778
1 0.802344 0.059259 0.039062 0.062963
1 0.289062 0.529630 0.030208 0.081481
