1 0.325521 0.843056 0.059375 0.112037
1 0.365885 0.953241 0.032813 0.037963
1 0.337760 0.679167 0.042188 0.060185
0 0.555990 0.702778 0.355729 0.403704
0 0.210156 0.621296 0.246354 0.414815
1 0.241146 0.630093 0.048958 0.062037
1 0.899479 0.706019 0.053125 0.063889
0 0.483854 0.442593 0.142708 0.188889
1 0.892448 0.425000 0.044271 0.072222
0 0.225781 0.386574 0.180729 0.312037
1 0.974740 0.320833 0.030729 0.060185
1 0.755990 0.321296 0.034896 0.072222
1 0.267188 0.125926 0.033333 0.062963
1 0.982812 0.211111 0.031250 0.085185
0 0.154948 0.157407 0.128646 0.268519
1 0.349740 0.095370 0.045312 0.077778
1 0.323437 0.081019 0.034375 0.056481
0 0.521094 0.264352 0.132812 0.241667
1 0.898438 0.151852 0.039583 0.064815
1 0.841927 0.187037 0.041146 0.044444
1 0.829948 0.111574 0.031771 0.052778
1 0.802344 0.085185 0.039062 0.062963
1 0.286979 0.542593 0.030208 0.081481
0 0.696094 0.060648 0.119271 0.119444
