1 0.326042 0.860648 0.059375 0.112037
1 0.364323 0.968981 0.032813 0.037963
1 0.337760 0.699537 0.042188 0.060185
0 0.555469 0.725000 0.355729 0.403704
0 0.209635 0.653704 0.246354 0.414815
1 0.893229 0.729167 0.053125 0.063889
0 0.483333 0.462037 0.142708 0.188889
1 0.885677 0.445370 0.044271 0.072222
0 0.225781 0.418056 0.180729 0.312037
1 0.968490 0.343981 0.030729 0.060185
1 0.754427 0.349074 0.034896 0.072222
1 0.267188 0.148148 0.033333 0.062963
1 0.976562 0.237500 0.034375 0.078704
0 0.155990 0.187963 0.128646 0.268519
1 0.353385 0.118519 0.045312 0.077778
1 0.325521 0.108796 0.034375 0.056481
0 0.521094 0.279167 0.132812 0.241667
1 0.892708 0.178704 0.039583 0.064815
1 0.835677 0.214815 0.041146 0.044444
1 0.826302 0.133796 0.031771 0.052778
1 0.799740 0.111111 0.039062 0.062963
1 0.288021 0.567593 0.030208 0.081481
0 0.678125 0.069907 0.151042 0.137963
1 0.291146 0.026852 0.036458 0.051852
