1 0.327083 0.876389 0.059375 0.112037
1 0.363281 0.981019 0.032813 0.037963
1 0.337760 0.718056 0.042188 0.060185
0 0.546615 0.737037 0.355729 0.403704
0 0.209115 0.679630 0.246354 0.414815
1 0.888021 0.745833 0.053125 0.063889
0 0.480729 0.489815 0.142708 0.188889
1 0.884115 0.466667 0.044271 0.072222
0 0.226302 0.434722 0.180729 0.312037
1 0.961198 0.360648 0.030729 0.060185
1 0.267188 0.171296 0.033333 0.062963
1 0.973958 0.257870 0.034375 0.078704
0 0.153385 0.212963 0.128646 0.268519
1 0.354427 0.143519 0.045312 0.077778
1 0.325000 0.129167 0.034375 0.056481
0 0.514844 0.311574 0.132812 0.241667
1 0.888021 0.196296 0.039583 0.064815
1 0.835156 0.232407 0.041146 0.044444
1 0.817969 0.154167 0.031771 0.052778
1 0.791927 0.129630 0.039062 0.062963
1 0.284896 0.603704 0.030208 0.081481
0 0.671875 0.081481 0.154167 0.161111
1 0.291146 0.040741 0.036458 0.077778
0 0.233333 0.096759 0.104167 0.191667
