1 0.322396 0.900463 0.059375 0.112037
1 0.335677 0.741667 0.041146 0.072222
0 0.544531 0.759259 0.355729 0.403704
0 0.205990 0.695370 0.246354 0.414815
1 0.879687 0.761574 0.053125 0.063889
0 0.476562 0.507407 0.142708 0.188889
1 0.878906 0.481481 0.044271 0.072222
0 0.219531 0.461574 0.180729 0.312037
1 0.954427 0.381019 0.030729 0.060185
1 0.267188 0.195370 0.033333 0.062963
1 0.967708 0.268981 0.034375 0.078704
0 0.153906 0.231481 0.128646 0.268519
1 0.351302 0.168519 0.045312 0.077778
1 0.323437 0.157870 0.034375 0.056481
0 0.510677 0.333796 0.132812 0.241667
1 0.885417 0.216667 0.039583 0.064815
1 0.832031 0.249074 0.041146 0.044444
1 0.814844 0.168981 0.031771 0.052778
1 0.791927 0.151852 0.039062 0.062963
1 0.284375 0.616667 0.030208 0.081481
0 0.669792 0.090741 0.148958 0.179630
1 0.288021 0.055556 0.036458 0.077778
0 0.230208 0.107870 0.107292 0.213889
