1 0.322396 0.921759 0.059375 0.112037
1 0.337240 0.765741 0.041146 0.072222
0 0.532552 0.796759 0.368229 0.406481
0 0.210677 0.728704 0.246354 0.414815
1 0.880208 0.785648 0.053125 0.063889
0 0.474479 0.524074 0.142708 0.188889
1 0.872135 0.503704 0.044271 0.072222
0 0.221094 0.486574 0.180729 0.312037
1 0.950781 0.395833 0.030729 0.060185
1 0.264062 0.221296 0.033333 0.062963
1 0.963021 0.286574 0.034375 0.078704
0 0.155469 0.263889 0.128646 0.268519
1 0.349219 0.193519 0.045312 0.077778
1 0.320312 0.178241 0.034375 0.056481
0 0.506510 0.356944 0.132812 0.241667
1 0.876563 0.235185 0.039583 0.064815
1 0.825781 0.265741 0.041146 0.044444
1 0.807031 0.193981 0.044271 0.063889
1 0.783073 0.169444 0.039062 0.062963
0 0.666667 0.104630 0.154167 0.207407
1 0.289583 0.093519 0.036458 0.077778
0 0.233854 0.107407 0.107292 0.212963
1 0.843750 0.654630 0.023958 0.035185
