1 0.323437 0.943981 0.059375 0.112037
1 0.335677 0.795370 0.041146 0.072222
0 0.545573 0.808333 0.339062 0.383333
0 0.213802 0.764815 0.246354 0.414815
1 0.877604 0.804167 0.053125 0.063889
0 0.471354 0.550926 0.142708 0.188889
1 0.868490 0.523148 0.044271 0.072222
0 0.219010 0.529167 0.180729 0.312037
1 0.945052 0.419907 0.030729 0.060185
1 0.260417 0.251852 0.033333 0.062963
1 0.954688 0.315278 0.034375 0.078704
0 0.154948 0.289815 0.128646 0.268519
1 0.347135 0.222222 0.045312 0.077778
1 0.318750 0.218056 0.034375 0.056481
0 0.505990 0.380093 0.132812 0.241667
1 0.871875 0.262037 0.039583 0.064815
1 0.818490 0.289815 0.041146 0.044444
1 0.802344 0.224537 0.044271 0.063889
1 0.775260 0.200926 0.039062 0.062963
0 0.655208 0.122222 0.154167 0.207407
1 0.288021 0.122222 0.036458 0.077778
0 0.226823 0.116204 0.124479 0.230556
1 0.842708 0.677778 0.023958 0.035185
