1 0.328646 0.958333 0.060417 0.083333
1 0.336719 0.819444 0.041146 0.072222
0 0.552083 0.826852 0.338542 0.346296
0 0.201302 0.792593 0.246354 0.414815
1 0.877083 0.817130 0.053125 0.063889
0 0.468750 0.591667 0.142708 0.188889
1 0.868490 0.547222 0.044271 0.072222
0 0.216927 0.545833 0.180729 0.312037
1 0.941406 0.441204 0.030729 0.060185
1 0.264062 0.287037 0.033333 0.062963
1 0.952083 0.336574 0.034375 0.078704
0 0.156510 0.319444 0.128646 0.268519
1 0.342448 0.251852 0.045312 0.077778
1 0.315625 0.243056 0.034375 0.056481
0 0.505990 0.411574 0.132812 0.241667
1 0.868229 0.287963 0.039583 0.064815
1 0.817969 0.318519 0.041146 0.044444
1 0.798698 0.249537 0.044271 0.063889
1 0.776302 0.217593 0.039062 0.062963
0 0.654687 0.154630 0.154167 0.207407
1 0.286458 0.151852 0.036458 0.077778
0 0.221354 0.133333 0.128125 0.264815
1 0.840625 0.703704 0.023958 0.035185
