1 0.345052 0.841667 0.041146 0.072222
0 0.554948 0.837037 0.340104 0.325926
0 0.188542 0.807870 0.304167 0.384259
1 0.880729 0.834722 0.053125 0.063889
0 0.472396 0.610185 0.142708 0.188889
1 0.866927 0.562037 0.044271 0.072222
0 0.229427 0.569907 0.180729 0.312037
1 0.945052 0.450463 0.030729 0.060185
1 0.266146 0.310185 0.033333 0.062963
1 0.952083 0.349537 0.034375 0.078704
0 0.151823 0.360185 0.128646 0.268519
1 0.344010 0.279630 0.045312 0.077778
1 0.317188 0.265278 0.034375 0.056481
0 0.501823 0.438426 0.132812 0.241667
1 0.870313 0.296296 0.039583 0.064815
1 0.819531 0.330556 0.041146 0.044444
1 0.801302 0.261574 0.044271 0.063889
1 0.777865 0.233333 0.039062 0.062963
0 0.656250 0.169444 0.154167 0.207407
1 0.288021 0.173148 0.036458 0.077778
0 0.200260 0.150000 0.195312 0.298148
1 0.844792 0.713889 0.023958 0.035185
