1 0.352865 0.853704 0.041146 0.072222
0 0.564323 0.846759 0.341146 0.306481
0 0.200000 0.807870 0.304167 0.384259
1 0.883854 0.841204 0.053125 0.063889
0 0.480208 0.630556 0.142708 0.188889
1 0.874219 0.570370 0.044271 0.072222
0 0.233594 0.592130 0.180729 0.312037
1 0.948698 0.457870 0.030729 0.060185
1 0.270833 0.327778 0.033333 0.062963
1 0.955729 0.358796 0.034375 0.078704
0 0.161458 0.375000 0.118750 0.264815
1 0.350260 0.294444 0.045312 0.077778
1 0.325000 0.287500 0.034375 0.056481
0 0.522135 0.437500 0.132812 0.241667
1 0.873437 0.304630 0.039583 0.064815
1 0.825260 0.341667 0.041146 0.044444
1 0.803385 0.270833 0.044271 0.063889
1 0.782552 0.251852 0.039062 0.062963
0 0.658333 0.182407 0.154167 0.207407
1 0.291146 0.187963 0.036458 0.077778
0 0.204167 0.157407 0.179167 0.312963
1 0.851042 0.726852 0.023958 0.035185
