1 0.354948 0.870370 0.041146 0.072222
0 0.569271 0.853704 0.340625 0.292593
0 0.203646 0.807870 0.304167 0.384259
1 0.893750 0.849537 0.053125 0.063889
0 0.487500 0.649074 0.142708 0.188889
1 0.884115 0.578704 0.044271 0.072222
0 0.238802 0.606019 0.180729 0.312037
1 0.958594 0.470833 0.030729 0.060185
1 0.275000 0.340741 0.033333 0.062963
1 0.967187 0.363426 0.034375 0.078704
0 0.163542 0.390741 0.118750 0.264815
1 0.358073 0.308333 0.045312 0.077778
1 0.330208 0.288426 0.034375 0.056481
0 0.515885 0.465278 0.132812 0.241667
1 0.883854 0.318519 0.039583 0.064815
1 0.835156 0.350926 0.041146 0.044444
1 0.813281 0.274537 0.044271 0.063889
1 0.786719 0.253704 0.039062 0.062963
0 0.667708 0.196296 0.154167 0.207407
1 0.293750 0.202778 0.036458 0.077778
0 0.198177 0.161111 0.178646 0.320370
