1 0.359115 0.889815 0.041146 0.072222
0 0.520833 0.866204 0.243750 0.267593
0 0.205208 0.811574 0.304167 0.376852
1 0.896875 0.862500 0.053125 0.063889
0 0.492188 0.642593 0.142708 0.188889
1 0.885677 0.597222 0.044271 0.072222
0 0.242448 0.640278 0.180729 0.312037
1 0.966406 0.486574 0.030729 0.060185
1 0.279167 0.361111 0.033333 0.062963
1 0.972396 0.379167 0.034375 0.078704
0 0.177604 0.410185 0.118750 0.264815
1 0.360677 0.323148 0.045312 0.077778
1 0.330729 0.313426 0.034375 0.056481
0 0.523698 0.481944 0.132812 0.241667
1 0.885417 0.322222 0.039583 0.064815
1 0.838281 0.362037 0.041146 0.044444
1 0.816406 0.286574 0.044271 0.063889
1 0.790365 0.260185 0.039062 0.062963
0 0.667708 0.209259 0.154167 0.207407
1 0.295833 0.215741 0.036458 0.077778
0 0.206510 0.170370 0.168229 0.338889
1 0.757292 0.507407 0.039583 0.072222
