1 0.371094 0.925000 0.041146 0.072222
0 0.494792 0.880093 0.117708 0.239815
0 0.206250 0.855093 0.306250 0.289815
1 0.906250 0.884722 0.053125 0.063889
0 0.503125 0.698148 0.142708 0.188889
1 0.896094 0.625000 0.044271 0.072222
0 0.240365 0.657870 0.199479 0.319444
1 0.972135 0.504167 0.030729 0.060185
1 0.286979 0.390741 0.033333 0.062963
1 0.977083 0.402315 0.034375 0.078704
0 0.184896 0.416667 0.118750 0.264815
1 0.371615 0.361111 0.045312 0.077778
1 0.338021 0.346759 0.034375 0.056481
0 0.532552 0.518981 0.132812 0.241667
1 0.894792 0.355556 0.039583 0.064815
1 0.844010 0.384259 0.041146 0.044444
1 0.819531 0.314352 0.044271 0.063889
1 0.798698 0.297222 0.039062 0.062963
0 0.668750 0.237963 0.154167 0.207407
1 0.305208 0.256481 0.036458 0.077778
0 0.215104 0.178241 0.168750 0.354630
1 0.763021 0.531481 0.039583 0.072222
1 0.027083 0.931481 0.046875 0.075926
1 0.916927 0.034722 0.044271 0.067593
