0 0.491406 0.444444 0.309896 0.318519
1 0.085417 0.378241 0.025000 0.091667
1 0.190885 0.352778 0.030729 0.042593
1 0.386719 0.589352 0.014063 0.017593
1 0.047135 0.756944 0.031771 0.056481
1 0.067969 0.707407 0.021354 0.035185
1 0.164844 0.806481 0.015104 0.024074
1 0.289323 0.367593 0.011979 0.038889
1 0.475260 0.300463 0.029687 0.054630
1 0.766406 0.831019 0.028646 0.075000
1 0.691406 0.699074 0.041146 0.042593
1 0.799219 0.540741 0.027604 0.075926
1 0.734635 0.250000 0.029687 0.061111
1 0.825260 0.143519 0.032813 0.075926
1 0.767708 0.037963 0.047917 0.074074
1 0.983594 0.135185 0.028646 0.068519
1 0.907813 0.201852 0.038542 0.087037
1 0.937500 0.205556 0.022917 0.057407
