1 0.379427 0.950000 0.041146 0.072222
0 0.506250 0.895833 0.116667 0.208333
0 0.208854 0.904630 0.304167 0.190741
1 0.921875 0.922685 0.053125 0.063889
0 0.510938 0.725926 0.142708 0.188889
1 0.905990 0.650000 0.044271 0.072222
0 0.247656 0.686574 0.199479 0.319444
1 0.981510 0.532870 0.030729 0.060185
1 0.297396 0.419444 0.033333 0.062963
1 0.982812 0.429167 0.034375 0.078704
0 0.189583 0.475000 0.118750 0.264815
1 0.375781 0.379630 0.045312 0.077778
1 0.348438 0.374537 0.034375 0.056481
0 0.540885 0.544907 0.132812 0.241667
1 0.902083 0.376852 0.039583 0.064815
1 0.853385 0.414815 0.041146 0.044444
1 0.829948 0.343056 0.044271 0.063889
1 0.804427 0.314815 0.039062 0.062963
0 0.681250 0.266667 0.154167 0.207407
1 0.317188 0.285185 0.036458 0.077778
0 0.225521 0.138426 0.181250 0.275000
1 0.767188 0.562037 0.039583 0.072222
1 0.035417 0.961111 0.046875 0.075926
1 0.924740 0.056944 0.044271 0.067593
1 0.600781 0.908796 0.025521 0.063889
