1 0.394010 0.963889 0.041146 0.072222
0 0.509635 0.912037 0.115104 0.175926
1 0.930729 0.936574 0.053125 0.063889
0 0.519792 0.744444 0.142708 0.188889
1 0.916927 0.665741 0.044271 0.072222
0 0.263802 0.724537 0.199479 0.319444
1 0.989062 0.550926 0.021875 0.064815
1 0.304167 0.442593 0.033333 0.062963
0 0.196354 0.492593 0.118750 0.264815
1 0.386719 0.410185 0.045312 0.077778
1 0.357812 0.401389 0.034375 0.056481
0 0.551823 0.563426 0.132812 0.241667
1 0.915625 0.404630 0.039583 0.064815
1 0.864844 0.431481 0.041146 0.044444
1 0.842448 0.362500 0.044271 0.063889
1 0.815885 0.337963 0.039062 0.062963
0 0.696875 0.287037 0.154167 0.207407
1 0.328646 0.310185 0.036458 0.077778
0 0.229427 0.175926 0.186979 0.233333
1 0.780729 0.582407 0.039583 0.072222
1 0.939323 0.076389 0.041146 0.058333
1 0.016927 0.147222 0.032813 0.081481
0 0.264583 0.368056 0.106250 0.212037
0 0.605729 0.070370 0.187500 0.138889
