1 0.947396 0.959722 0.053125 0.063889
0 0.537500 0.769444 0.142708 0.188889
1 0.929948 0.689815 0.044271 0.072222
0 0.275260 0.740278 0.199479 0.319444
0 0.211458 0.530556 0.118750 0.264815
1 0.402344 0.431481 0.045312 0.077778
1 0.373437 0.413426 0.034375 0.056481
0 0.566406 0.604167 0.132812 0.241667
1 0.923438 0.413889 0.039583 0.064815
1 0.874219 0.451852 0.041146 0.044444
1 0.854948 0.376389 0.044271 0.063889
1 0.823177 0.355556 0.039062 0.062963
0 0.698958 0.300000 0.154167 0.207407
1 0.338021 0.328704 0.036458 0.077778
0 0.232552 0.168519 0.186979 0.233333
1 0.793750 0.606481 0.039583 0.072222
1 0.946615 0.083796 0.041146 0.058333
1 0.019792 0.181019 0.038542 0.054630
0 0.271354 0.371759 0.106250 0.212037
0 0.613021 0.076852 0.189583 0.151852
1 0.318229 0.462963 0.034375 0.061111
1 0.623437 0.945370 0.025000 0.051852
