0 0.542708 0.797222 0.142708 0.188889
1 0.941927 0.700000 0.044271 0.072222
0 0.284635 0.758796 0.199479 0.319444
0 0.221354 0.547222 0.118750 0.264815
1 0.407552 0.448148 0.045312 0.077778
1 0.381771 0.436574 0.034375 0.056481
0 0.575781 0.633796 0.132812 0.241667
1 0.936979 0.429630 0.039583 0.064815
1 0.892448 0.462963 0.041146 0.044444
1 0.866927 0.398611 0.044271 0.063889
1 0.840365 0.375926 0.039062 0.062963
0 0.719271 0.315741 0.154167 0.207407
1 0.342187 0.343519 0.036458 0.077778
0 0.232813 0.162963 0.186458 0.281481
1 0.807813 0.620370 0.039583 0.072222
1 0.962240 0.101389 0.041146 0.058333
1 0.024479 0.203241 0.038542 0.054630
0 0.273438 0.390278 0.106250 0.212037
0 0.623177 0.084259 0.183854 0.166667
1 0.326562 0.480556 0.034375 0.061111
1 0.633333 0.974074 0.025000 0.051852
