0 0.564063 0.822222 0.142708 0.188889
1 0.952865 0.726852 0.044271 0.072222
0 0.290365 0.795833 0.199479 0.319444
0 0.229687 0.573148 0.118750 0.264815
1 0.414844 0.468519 0.045312 0.077778
1 0.388021 0.463426 0.034375 0.056481
0 0.589323 0.654167 0.132812 0.241667
1 0.951562 0.444444 0.039583 0.064815
1 0.900781 0.484259 0.041146 0.044444
1 0.876302 0.407870 0.044271 0.063889
1 0.850260 0.390741 0.039062 0.062963
0 0.732812 0.336111 0.154167 0.207407
1 0.350000 0.364815 0.036458 0.077778
0 0.247917 0.189815 0.186458 0.281481
1 0.822917 0.649074 0.039583 0.072222
1 0.975260 0.112500 0.041146 0.058333
1 0.029687 0.221759 0.038542 0.054630
0 0.286979 0.410648 0.106250 0.212037
0 0.633854 0.093981 0.186458 0.186111
1 0.335417 0.503704 0.034375 0.061111
1 0.378385 0.770833 0.035937 0.058333
