0 0.573698 0.840278 0.132812 0.210185
1 0.974219 0.738889 0.044271 0.072222
0 0.292448 0.820833 0.199479 0.319444
0 0.233333 0.600000 0.118750 0.264815
1 0.424219 0.494444 0.045312 0.077778
1 0.393229 0.484722 0.034375 0.056481
0 0.598177 0.664352 0.132812 0.241667
1 0.965104 0.459259 0.039583 0.064815
1 0.910677 0.500000 0.041146 0.044444
1 0.892448 0.425463 0.044271 0.063889
1 0.866146 0.405093 0.043750 0.065741
0 0.732812 0.336111 0.154167 0.207407
1 0.357812 0.391667 0.036458 0.077778
0 0.275521 0.207407 0.186458 0.281481
1 0.831250 0.663889 0.039583 0.072222
1 0.986458 0.115278 0.027083 0.058333
1 0.033333 0.242130 0.038542 0.054630
0 0.292187 0.433796 0.106250 0.212037
0 0.647917 0.100926 0.197917 0.200000
1 0.344792 0.529630 0.034375 0.061111
1 0.379427 0.789352 0.035937 0.058333
