0 0.573698 0.877315 0.132812 0.210185
1 0.979948 0.761111 0.040104 0.083333
0 0.303385 0.839352 0.199479 0.319444
0 0.236979 0.620370 0.118750 0.264815
1 0.426823 0.511111 0.045312 0.077778
1 0.400000 0.506019 0.034375 0.056481
0 0.605990 0.680093 0.132812 0.241667
1 0.973437 0.474074 0.039583 0.064815
1 0.924740 0.516667 0.041146 0.044444
1 0.900260 0.443981 0.044271 0.063889
1 0.873437 0.419907 0.043750 0.065741
0 0.732812 0.336111 0.154167 0.207407
1 0.359375 0.407407 0.036458 0.077778
0 0.277083 0.219444 0.186458 0.281481
1 0.840104 0.686111 0.039583 0.072222
1 0.033333 0.257870 0.038542 0.054630
0 0.298438 0.475463 0.106250 0.212037
0 0.648698 0.106944 0.197396 0.212037
1 0.344792 0.550926 0.034375 0.061111
1 0.385677 0.809722 0.035937 0.058333
0 0.188021 0.068981 0.192708 0.136111
1 0.927083 0.034259 0.038542 0.038889
1 0.765104 0.015741 0.035417 0.029630
