0 0.580990 0.881944 0.136979 0.236111
1 0.984375 0.772685 0.031250 0.089815
0 0.311979 0.834722 0.197917 0.330556
0 0.239583 0.646296 0.118750 0.264815
1 0.430990 0.529630 0.045312 0.077778
1 0.404167 0.519907 0.034375 0.056481
0 0.614844 0.703241 0.132812 0.241667
1 0.980208 0.487963 0.039583 0.064815
1 0.929948 0.528704 0.041146 0.044444
1 0.907031 0.454167 0.044271 0.063889
1 0.880208 0.431019 0.043750 0.065741
0 0.754167 0.382407 0.154167 0.207407
1 0.364583 0.420370 0.036458 0.077778
0 0.273438 0.242593 0.186458 0.281481
1 0.845313 0.695370 0.039583 0.072222
1 0.034896 0.280093 0.038542 0.054630
0 0.304688 0.475463 0.106250 0.212037
0 0.654167 0.116204 0.196875 0.230556
1 0.347917 0.562963 0.034375 0.061111
1 0.389323 0.826389 0.035937 0.058333
0 0.189323 0.079630 0.198437 0.157407
1 0.929167 0.034259 0.038542 0.038889
1 0.767708 0.014352 0.033333 0.026852
