0 0.591667 0.887963 0.138542 0.224074
0 0.318229 0.835648 0.193750 0.328704
0 0.240104 0.663889 0.118750 0.264815
1 0.432552 0.537963 0.045312 0.077778
1 0.405208 0.534722 0.034375 0.056481
0 0.614844 0.719907 0.132812 0.241667
1 0.987500 0.495833 0.025000 0.071296
1 0.934115 0.534259 0.041146 0.044444
1 0.916406 0.469907 0.044271 0.063889
1 0.887500 0.441204 0.043750 0.065741
0 0.764583 0.394444 0.154167 0.207407
1 0.365104 0.432407 0.036458 0.077778
0 0.272396 0.251852 0.186458 0.281481
1 0.851562 0.707407 0.039583 0.072222
1 0.034375 0.295833 0.038542 0.054630
0 0.304688 0.512500 0.106250 0.212037
0 0.658854 0.120833 0.195833 0.239815
1 0.353646 0.580556 0.034375 0.061111
1 0.392969 0.841204 0.035937 0.058333
0 0.187500 0.087500 0.198958 0.173148
1 0.936979 0.037037 0.038542 0.038889
1 0.771354 0.025463 0.033333 0.049074
