0 0.595052 0.892593 0.141146 0.214815
0 0.319271 0.846296 0.202083 0.307407
0 0.247396 0.667593 0.118750 0.264815
1 0.436719 0.542593 0.045312 0.077778
1 0.407813 0.539352 0.034375 0.056481
0 0.621615 0.729167 0.132812 0.241667
1 0.987500 0.487500 0.025000 0.071296
1 0.944010 0.534259 0.041146 0.044444
1 0.926302 0.466204 0.044271 0.063889
1 0.896875 0.448611 0.043750 0.065741
0 0.767188 0.400000 0.154167 0.207407
1 0.371875 0.437037 0.036458 0.077778
0 0.273958 0.251852 0.186458 0.281481
1 0.859375 0.706481 0.039583 0.072222
1 0.034375 0.295833 0.038542 0.054630
0 0.307812 0.500463 0.106250 0.212037
0 0.663021 0.120370 0.195833 0.238889
1 0.355208 0.583333 0.034375 0.061111
1 0.395573 0.846759 0.035937 0.058333
0 0.186979 0.087037 0.198958 0.172222
1 0.944271 0.042593 0.036458 0.064815
1 0.776042 0.020370 0.035417 0.038889
1 0.979948 0.951852 0.021354 0.037037
