0 0.488021 0.480093 0.306250 0.350926
1 0.186979 0.370370 0.035417 0.051852
1 0.084115 0.401852 0.023438 0.085185
1 0.160417 0.142593 0.017708 0.038889
1 0.471615 0.320370 0.031771 0.059259
1 0.042969 0.774537 0.034896 0.058333
1 0.063021 0.726389 0.021875 0.036111
1 0.763281 0.851852 0.031771 0.074074
1 0.688021 0.719444 0.042708 0.046296
1 0.794531 0.561111 0.030729 0.074074
1 0.763802 0.059722 0.048438 0.078704
1 0.980208 0.156019 0.028125 0.062037
1 0.904427 0.220370 0.041146 0.083333
1 0.732031 0.270370 0.031771 0.055556
1 0.932552 0.367593 0.036979 0.074074
