0 0.601042 0.905093 0.145833 0.189815
0 0.329167 0.846296 0.202083 0.307407
0 0.252083 0.679630 0.118750 0.264815
1 0.444010 0.545370 0.045312 0.077778
1 0.413021 0.543981 0.034375 0.056481
0 0.629427 0.732870 0.132812 0.241667
1 0.949219 0.534259 0.041146 0.044444
1 0.926823 0.462500 0.044271 0.063889
1 0.901563 0.444907 0.043750 0.065741
0 0.778646 0.397222 0.167708 0.212963
1 0.375521 0.447222 0.036458 0.077778
0 0.276562 0.262037 0.186458 0.281481
1 0.867708 0.710185 0.039583 0.072222
1 0.043750 0.304167 0.038542 0.054630
0 0.313021 0.496759 0.106250 0.212037
0 0.663021 0.120370 0.195833 0.238889
1 0.360938 0.593519 0.034375 0.061111
1 0.405469 0.851389 0.035937 0.058333
0 0.191927 0.093519 0.198437 0.185185
1 0.950000 0.036111 0.036458 0.064815
1 0.780208 0.019907 0.035417 0.037963
