0 0.604688 0.905093 0.145833 0.189815
0 0.336719 0.849537 0.203646 0.300926
0 0.263021 0.681481 0.118750 0.264815
1 0.447656 0.545370 0.045312 0.077778
1 0.418750 0.541204 0.034375 0.056481
0 0.639323 0.725463 0.132812 0.241667
1 0.955469 0.527778 0.041146 0.044444
1 0.934635 0.455093 0.044271 0.063889
1 0.908333 0.436574 0.043750 0.065741
0 0.778646 0.397222 0.167708 0.212963
1 0.381250 0.442593 0.036458 0.077778
0 0.276042 0.260185 0.186458 0.281481
1 0.870313 0.710185 0.039583 0.072222
1 0.043750 0.304167 0.038542 0.054630
0 0.319792 0.496759 0.106250 0.212037
0 0.671094 0.122685 0.196354 0.243519
1 0.365625 0.589815 0.034375 0.061111
1 0.413802 0.851389 0.035937 0.058333
0 0.196615 0.097685 0.203646 0.193519
1 0.958333 0.032870 0.036458 0.063889
1 0.783333 0.019444 0.035417 0.037037
