0 0.615885 0.904630 0.138021 0.190741
0 0.338802 0.844444 0.199479 0.311111
0 0.265104 0.691667 0.118750 0.264815
1 0.453385 0.561111 0.045312 0.077778
1 0.428125 0.551389 0.034375 0.056481
0 0.637760 0.712500 0.132812 0.241667
1 0.963281 0.532407 0.041146 0.044444
1 0.940885 0.459722 0.044271 0.063889
1 0.913021 0.443056 0.043750 0.065741
0 0.778646 0.397222 0.167708 0.212963
1 0.381771 0.455556 0.036458 0.077778
0 0.277083 0.268519 0.186458 0.281481
1 0.882812 0.723148 0.039583 0.072222
1 0.045312 0.320833 0.038542 0.054630
0 0.321875 0.518981 0.106250 0.212037
0 0.671094 0.122685 0.196354 0.243519
1 0.369792 0.602778 0.034375 0.061111
1 0.416927 0.857870 0.035937 0.058333
0 0.196615 0.103241 0.203646 0.204630
1 0.964583 0.032407 0.036458 0.062963
1 0.790104 0.018981 0.035417 0.036111
1 0.911979 0.072222 0.036458 0.048148
