0 0.355729 0.867130 0.194792 0.265741
0 0.272396 0.704630 0.118750 0.264815
1 0.459115 0.570370 0.045312 0.077778
1 0.430729 0.569907 0.034375 0.056481
0 0.647135 0.765278 0.132812 0.241667
1 0.966927 0.541667 0.041146 0.044444
1 0.945573 0.480093 0.044271 0.063889
1 0.921354 0.461574 0.043750 0.065741
0 0.796094 0.415741 0.166146 0.229630
1 0.386979 0.463889 0.036458 0.077778
0 0.280208 0.285185 0.186458 0.281481
1 0.882812 0.723148 0.039583 0.072222
1 0.054688 0.335648 0.038542 0.054630
0 0.329948 0.525463 0.103646 0.219444
0 0.679427 0.129167 0.200521 0.256481
1 0.377083 0.616667 0.034375 0.061111
1 0.424740 0.876389 0.030729 0.047222
0 0.202865 0.106481 0.203646 0.211111
1 0.967969 0.038426 0.042188 0.056481
1 0.795312 0.026852 0.038542 0.051852
1 0.913021 0.089815 0.036458 0.048148
