0 0.365104 0.897222 0.189583 0.205556
0 0.284375 0.727778 0.118750 0.264815
1 0.467969 0.594444 0.045312 0.077778
1 0.444271 0.581019 0.034375 0.056481
0 0.644531 0.773611 0.132812 0.241667
1 0.972656 0.560185 0.041146 0.044444
1 0.949740 0.493056 0.044271 0.063889
1 0.928125 0.473611 0.043750 0.065741
0 0.796615 0.442593 0.166146 0.229630
1 0.395833 0.487037 0.036458 0.077778
0 0.290625 0.297685 0.155208 0.282407
1 0.894792 0.744444 0.039583 0.072222
1 0.059896 0.356944 0.038542 0.054630
0 0.331510 0.544907 0.103646 0.219444
0 0.686198 0.135648 0.203646 0.269444
1 0.384896 0.633333 0.034375 0.061111
1 0.430990 0.894907 0.030729 0.047222
0 0.206771 0.117130 0.204167 0.232407
1 0.970052 0.052315 0.042188 0.056481
1 0.798438 0.040741 0.036458 0.061111
1 0.922396 0.102778 0.036458 0.048148
