0 0.377344 0.911574 0.183854 0.176852
0 0.289062 0.749074 0.118750 0.264815
1 0.475260 0.612963 0.045312 0.077778
1 0.442188 0.606944 0.034375 0.056481
0 0.651302 0.798611 0.132812 0.241667
1 0.976823 0.577778 0.041146 0.044444
1 0.953906 0.506019 0.044271 0.063889
1 0.927604 0.496759 0.043750 0.065741
0 0.800260 0.460185 0.166146 0.229630
1 0.398438 0.503704 0.036458 0.077778
0 0.295833 0.332870 0.155208 0.282407
1 0.895312 0.761111 0.039583 0.072222
1 0.067969 0.383796 0.039062 0.054630
0 0.331510 0.544907 0.103646 0.219444
0 0.690104 0.142593 0.203125 0.283333
1 0.389583 0.651852 0.034375 0.061111
1 0.434635 0.909722 0.030729 0.047222
0 0.216146 0.131944 0.203125 0.262037
1 0.973698 0.068056 0.042188 0.056481
1 0.801042 0.059259 0.036458 0.061111
1 0.922396 0.125463 0.036458 0.049074
