0 0.377865 0.911574 0.183854 0.176852
0 0.290625 0.762963 0.118750 0.264815
1 0.476823 0.630556 0.045312 0.077778
1 0.445833 0.630093 0.034375 0.056481
0 0.660677 0.791204 0.132812 0.241667
1 0.978385 0.596296 0.041146 0.044444
1 0.958073 0.529167 0.044271 0.063889
1 0.931250 0.506019 0.043750 0.065741
0 0.804948 0.479630 0.166146 0.229630
1 0.406250 0.524074 0.036458 0.077778
0 0.305208 0.347685 0.155208 0.282407
1 0.895833 0.769444 0.039583 0.072222
1 0.072135 0.399537 0.039062 0.054630
0 0.346875 0.581019 0.104167 0.237963
0 0.691146 0.150463 0.205208 0.299074
1 0.391667 0.672222 0.034375 0.061111
1 0.441406 0.929167 0.030729 0.047222
0 0.218750 0.141204 0.203125 0.280556
1 0.977865 0.084722 0.042188 0.056481
1 0.803646 0.078704 0.036458 0.061111
1 0.924479 0.143056 0.036458 0.049074
