0 0.369271 0.929630 0.164583 0.140741
0 0.295833 0.780556 0.118750 0.264815
1 0.478385 0.650926 0.045312 0.077778
1 0.447917 0.643981 0.034375 0.056481
0 0.660677 0.837500 0.132812 0.241667
1 0.979427 0.612963 0.041146 0.044444
1 0.957031 0.552315 0.042188 0.073148
1 0.930208 0.521759 0.043750 0.065741
0 0.806510 0.497222 0.166146 0.229630
1 0.408333 0.547222 0.036458 0.077778
0 0.309896 0.360648 0.155208 0.282407
1 0.898438 0.799074 0.039583 0.072222
1 0.073698 0.418056 0.039062 0.054630
0 0.346354 0.596759 0.104167 0.237963
0 0.695312 0.168519 0.198958 0.314815
1 0.395833 0.693519 0.034375 0.061111
1 0.441927 0.941204 0.030729 0.047222
0 0.218490 0.159259 0.204687 0.296296
1 0.978385 0.097685 0.042188 0.056481
1 0.806771 0.096296 0.036458 0.061111
1 0.923438 0.160648 0.036458 0.049074
