0 0.295833 0.824074 0.118750 0.264815
1 0.478385 0.669444 0.045312 0.077778
1 0.451042 0.659722 0.034375 0.056481
0 0.657552 0.855093 0.132812 0.241667
1 0.979427 0.636111 0.041146 0.044444
1 0.958073 0.570833 0.042188 0.073148
1 0.931771 0.547685 0.043750 0.065741
0 0.800781 0.513889 0.166146 0.229630
1 0.408854 0.562037 0.036458 0.077778
0 0.308594 0.391667 0.151562 0.305556
1 0.897396 0.811111 0.039583 0.072222
1 0.073177 0.435648 0.039062 0.054630
0 0.350000 0.611574 0.104167 0.237963
0 0.696875 0.188889 0.198958 0.314815
1 0.397396 0.715741 0.034375 0.061111
1 0.442969 0.960648 0.030729 0.047222
0 0.221094 0.179630 0.204687 0.296296
1 0.978906 0.124537 0.042188 0.056481
1 0.808594 0.116667 0.035937 0.072222
1 0.926042 0.177315 0.036458 0.049074
