0 0.297917 0.829630 0.118750 0.264815
1 0.478385 0.687963 0.045312 0.077778
1 0.451562 0.681944 0.034375 0.056481
0 0.659115 0.860648 0.132812 0.241667
1 0.979427 0.648148 0.041146 0.044444
1 0.959635 0.579630 0.053646 0.075926
1 0.932813 0.568056 0.043750 0.065741
0 0.807031 0.534259 0.166146 0.229630
1 0.410417 0.576852 0.036458 0.077778
0 0.315885 0.400000 0.151562 0.305556
1 0.897396 0.827778 0.039583 0.072222
1 0.075260 0.451389 0.039062 0.054630
0 0.351562 0.646759 0.104167 0.237963
0 0.696875 0.206481 0.198958 0.314815
1 0.397396 0.728704 0.034375 0.061111
1 0.445573 0.972685 0.030729 0.047222
0 0.223698 0.198148 0.204687 0.296296
1 0.978906 0.132870 0.042188 0.056481
1 0.808594 0.132407 0.035937 0.072222
1 0.928646 0.198148 0.036458 0.050000
1 0.705469 0.022222 0.040104 0.042593
