0 0.488802 0.499074 0.304688 0.355556
1 0.185417 0.387500 0.032292 0.050926
1 0.160156 0.164352 0.019271 0.043519
1 0.082552 0.417593 0.024479 0.088889
1 0.041146 0.793981 0.032292 0.060185
1 0.060937 0.743519 0.019792 0.035185
1 0.382812 0.626852 0.013542 0.018519
1 0.470833 0.338426 0.030208 0.052778
1 0.158854 0.845833 0.019792 0.030556
1 0.760417 0.871296 0.030208 0.074074
1 0.686979 0.743056 0.038542 0.041667
1 0.795052 0.582870 0.028646 0.078704
1 0.764844 0.077315 0.045312 0.076852
1 0.730208 0.288889 0.031250 0.051852
1 0.821875 0.183796 0.031250 0.075000
1 0.932552 0.385185 0.034896 0.070370
1 0.979427 0.175463 0.029687 0.065741
