0 0.297396 0.838889 0.118750 0.264815
1 0.476823 0.702778 0.045312 0.077778
1 0.451042 0.694907 0.034375 0.056481
0 0.661719 0.879167 0.132812 0.241667
1 0.979427 0.664815 0.041146 0.044444
1 0.961198 0.600926 0.053646 0.075926
1 0.933854 0.581944 0.043750 0.065741
0 0.808594 0.547222 0.166146 0.229630
1 0.411458 0.596296 0.036458 0.077778
0 0.309635 0.425000 0.151562 0.305556
1 0.900000 0.853704 0.039583 0.072222
1 0.077865 0.474537 0.039062 0.054630
0 0.350000 0.649537 0.104167 0.237963
0 0.695833 0.224074 0.198958 0.314815
1 0.399479 0.745370 0.034375 0.061111
0 0.223698 0.225000 0.204687 0.296296
1 0.982031 0.148148 0.035937 0.048148
1 0.808594 0.132407 0.035937 0.072222
1 0.929688 0.211111 0.036458 0.050000
1 0.698698 0.030556 0.040104 0.042593
