0 0.296875 0.859259 0.118750 0.264815
1 0.479427 0.717593 0.045312 0.077778
1 0.453125 0.714352 0.034375 0.056481
0 0.664323 0.885648 0.129688 0.228704
1 0.979427 0.678704 0.041146 0.044444
1 0.962760 0.615741 0.053646 0.075926
1 0.931771 0.596759 0.043750 0.065741
0 0.806510 0.564815 0.166146 0.229630
1 0.409375 0.612037 0.036458 0.077778
0 0.307031 0.432407 0.151562 0.305556
1 0.897917 0.862037 0.039583 0.072222
1 0.077344 0.483796 0.039062 0.054630
0 0.352083 0.673611 0.104167 0.237963
0 0.695312 0.242593 0.198958 0.314815
1 0.400000 0.755556 0.034375 0.061111
0 0.220052 0.236111 0.204687 0.296296
1 0.982031 0.164815 0.035937 0.048148
1 0.810677 0.159259 0.035937 0.072222
1 0.928125 0.221296 0.036458 0.050000
1 0.702344 0.043519 0.040104 0.042593
