0 0.296354 0.867593 0.118750 0.264815
1 0.479427 0.735185 0.045312 0.077778
1 0.450521 0.727315 0.034375 0.056481
0 0.663021 0.896759 0.132292 0.206481
1 0.979427 0.695370 0.041146 0.044444
1 0.962760 0.631481 0.053646 0.075926
1 0.931771 0.608796 0.043750 0.065741
0 0.807031 0.578704 0.166146 0.229630
1 0.411458 0.636111 0.036458 0.077778
0 0.304948 0.447222 0.151562 0.305556
1 0.897917 0.873148 0.039583 0.072222
1 0.076302 0.498611 0.039062 0.054630
0 0.350521 0.689352 0.104167 0.237963
0 0.694792 0.263889 0.198958 0.314815
1 0.401042 0.775926 0.034375 0.061111
0 0.220573 0.251852 0.204687 0.296296
1 0.982031 0.180556 0.035937 0.048148
1 0.809635 0.174074 0.035937 0.072222
1 0.928125 0.237037 0.036458 0.050000
1 0.702344 0.060185 0.040104 0.042593
1 0.579688 0.026389 0.032292 0.050926
1 0.291667 0.035648 0.028125 0.056481
