0 0.291146 0.875463 0.121875 0.249074
1 0.476823 0.748148 0.045312 0.077778
1 0.450000 0.746759 0.034375 0.056481
0 0.656771 0.900000 0.127083 0.200000
1 0.979427 0.713889 0.041146 0.044444
1 0.955990 0.654630 0.053646 0.075926
1 0.930208 0.627315 0.043750 0.065741
0 0.801302 0.601852 0.166146 0.229630
1 0.407292 0.642593 0.036458 0.077778
0 0.305990 0.470370 0.151562 0.305556
1 0.897917 0.894444 0.039583 0.072222
1 0.076823 0.505093 0.039062 0.054630
0 0.351562 0.702315 0.104167 0.237963
0 0.690625 0.274074 0.198958 0.314815
1 0.394792 0.795370 0.034375 0.061111
0 0.215885 0.265741 0.204687 0.296296
1 0.982031 0.193519 0.035937 0.048148
1 0.808073 0.190741 0.035937 0.072222
1 0.928646 0.253704 0.036458 0.050000
1 0.696094 0.075926 0.040104 0.042593
1 0.574479 0.031019 0.032292 0.058333
1 0.283333 0.048611 0.028125 0.056481
