0 0.295052 0.887963 0.109896 0.224074
1 0.474740 0.761111 0.045312 0.077778
1 0.448437 0.755093 0.034375 0.056481
0 0.658333 0.908796 0.130208 0.182407
1 0.975260 0.727778 0.041146 0.044444
1 0.953385 0.665741 0.053646 0.075926
1 0.928125 0.647685 0.043750 0.065741
0 0.801302 0.601852 0.166146 0.229630
1 0.405729 0.660185 0.036458 0.077778
0 0.305469 0.475926 0.151562 0.305556
1 0.890625 0.903704 0.039583 0.072222
1 0.073177 0.531019 0.039062 0.054630
0 0.347396 0.720833 0.104167 0.237963
0 0.690625 0.274074 0.198958 0.314815
1 0.394271 0.809259 0.034375 0.061111
0 0.215885 0.287963 0.204687 0.296296
1 0.977344 0.206481 0.035937 0.048148
1 0.805469 0.208333 0.035937 0.072222
1 0.925521 0.267593 0.036458 0.050000
1 0.696094 0.093519 0.040104 0.042593
1 0.572917 0.046759 0.032292 0.058333
1 0.281250 0.059722 0.028125 0.056481
