0 0.294271 0.893981 0.117708 0.212037
1 0.475781 0.775926 0.045312 0.077778
1 0.447396 0.767130 0.034375 0.056481
1 0.974219 0.737963 0.041146 0.044444
1 0.954427 0.676852 0.053646 0.075926
1 0.928125 0.646759 0.043750 0.065741
0 0.798177 0.626852 0.166146 0.229630
1 0.406250 0.672222 0.036458 0.077778
0 0.304948 0.486111 0.151562 0.305556
1 0.891667 0.916667 0.039583 0.072222
1 0.072656 0.543981 0.039062 0.054630
0 0.348438 0.737500 0.104167 0.237963
0 0.690625 0.287037 0.198958 0.314815
1 0.394271 0.812963 0.034375 0.061111
0 0.217448 0.298148 0.204687 0.296296
1 0.976823 0.220370 0.035937 0.048148
1 0.805469 0.208333 0.035937 0.072222
1 0.924479 0.280556 0.036458 0.050000
1 0.694531 0.107407 0.040104 0.042593
1 0.572917 0.056944 0.032292 0.058333
1 0.282292 0.083796 0.028125 0.056481
0 0.195052 0.049537 0.126562 0.097222
0 0.650781 0.062963 0.077604 0.124074
