0 0.292708 0.893981 0.117708 0.212037
1 0.475781 0.780556 0.045312 0.077778
1 0.447396 0.767130 0.034375 0.056481
1 0.974219 0.737963 0.041146 0.044444
1 0.957552 0.683333 0.053646 0.075926
1 0.928646 0.666204 0.043750 0.065741
0 0.796094 0.623148 0.166146 0.229630
1 0.406250 0.675000 0.036458 0.077778
0 0.297656 0.495370 0.151562 0.305556
1 0.891667 0.921296 0.039583 0.072222
1 0.072656 0.555093 0.039062 0.054630
0 0.346875 0.736574 0.104167 0.237963
0 0.691667 0.315741 0.198958 0.314815
1 0.394792 0.816667 0.034375 0.061111
0 0.214844 0.289815 0.204687 0.296296
1 0.975260 0.222222 0.035937 0.048148
1 0.804948 0.220370 0.035937 0.072222
1 0.921354 0.288889 0.036458 0.050000
1 0.696615 0.113889 0.040104 0.042593
1 0.570312 0.069907 0.032292 0.058333
1 0.283854 0.084722 0.028125 0.056481
0 0.195312 0.053241 0.125000 0.104630
0 0.649479 0.068056 0.088542 0.134259
