0 0.293750 0.893981 0.117708 0.212037
1 0.476302 0.785185 0.045312 0.077778
1 0.444792 0.767130 0.034375 0.056481
1 0.976823 0.738889 0.041146 0.044444
1 0.952865 0.682407 0.053646 0.075926
1 0.925000 0.662500 0.043750 0.065741
0 0.796615 0.633333 0.166146 0.229630
1 0.406250 0.675000 0.036458 0.077778
0 0.300260 0.496296 0.151562 0.305556
1 0.891667 0.921296 0.039583 0.072222
1 0.075781 0.549537 0.039062 0.054630
0 0.346875 0.744907 0.104167 0.237963
0 0.689583 0.315741 0.198958 0.314815
1 0.394792 0.816667 0.034375 0.061111
0 0.215885 0.309259 0.204687 0.296296
1 0.975260 0.222222 0.035937 0.048148
1 0.804948 0.220370 0.035937 0.072222
1 0.921354 0.288889 0.036458 0.050000
1 0.694531 0.118519 0.047396 0.066667
1 0.570312 0.069907 0.032292 0.058333
1 0.283854 0.089352 0.028125 0.056481
0 0.197917 0.059722 0.126042 0.117593
0 0.648958 0.067593 0.088542 0.133333
