0 0.291667 0.893981 0.117708 0.212037
1 0.473177 0.782407 0.045312 0.077778
1 0.443229 0.768981 0.034375 0.056481
1 0.969531 0.738889 0.041146 0.044444
1 0.946615 0.682407 0.053646 0.075926
1 0.920833 0.663426 0.043750 0.065741
0 0.796615 0.633333 0.166146 0.229630
1 0.403125 0.675000 0.036458 0.077778
0 0.300260 0.499074 0.151562 0.305556
1 0.885938 0.924074 0.039583 0.072222
1 0.075781 0.549537 0.039062 0.054630
0 0.346875 0.747685 0.104167 0.237963
0 0.689583 0.315741 0.198958 0.314815
1 0.390625 0.820370 0.034375 0.061111
0 0.210156 0.321296 0.204687 0.296296
1 0.971094 0.229630 0.035937 0.048148
1 0.799219 0.221296 0.035937 0.072222
1 0.919792 0.284259 0.036458 0.050000
1 0.691927 0.118519 0.047396 0.066667
1 0.570312 0.069907 0.032292 0.058333
1 0.280208 0.092130 0.028125 0.056481
0 0.198437 0.062037 0.131250 0.122222
0 0.645312 0.071296 0.086458 0.140741
