0 0.286979 0.900000 0.109375 0.200000
1 0.471615 0.787963 0.045312 0.077778
1 0.442188 0.781019 0.034375 0.056481
1 0.959635 0.747222 0.041146 0.044444
1 0.940885 0.686111 0.053646 0.075926
1 0.913542 0.667130 0.043750 0.065741
0 0.790885 0.633333 0.166146 0.229630
1 0.403125 0.676852 0.036458 0.077778
0 0.297656 0.502778 0.151562 0.305556
1 0.880729 0.925926 0.039583 0.072222
1 0.075781 0.559722 0.039062 0.054630
0 0.340625 0.749537 0.104167 0.237963
0 0.677604 0.331481 0.198958 0.314815
1 0.390625 0.820370 0.034375 0.061111
0 0.210156 0.314815 0.204687 0.296296
1 0.963802 0.233333 0.035937 0.048148
1 0.794010 0.240741 0.035937 0.072222
1 0.911458 0.300000 0.036458 0.050000
1 0.684115 0.131481 0.047396 0.066667
1 0.565104 0.084722 0.032292 0.058333
1 0.279687 0.098611 0.028125 0.056481
0 0.196875 0.062963 0.131250 0.124074
0 0.643229 0.075000 0.086458 0.148148
