0 0.482552 0.520370 0.309896 0.359259
1 0.075000 0.431481 0.022917 0.085185
1 0.180208 0.403241 0.031250 0.049074
1 0.466667 0.350926 0.029167 0.051852
1 0.053646 0.756944 0.021875 0.036111
1 0.033073 0.811111 0.030729 0.055556
1 0.150521 0.862500 0.014583 0.025000
1 0.173958 0.727778 0.013542 0.022222
1 0.758073 0.891204 0.029687 0.075000
1 0.791927 0.603241 0.025521 0.078704
1 0.683594 0.758796 0.042188 0.047222
1 0.729427 0.302778 0.028646 0.055556
1 0.819010 0.198611 0.029687 0.076852
1 0.761719 0.093981 0.050521 0.078704
1 0.977865 0.188889 0.029687 0.070370
1 0.929427 0.401852 0.041146 0.075926
