0 0.286979 0.900000 0.109375 0.200000
1 0.471094 0.791667 0.045312 0.077778
1 0.442188 0.781019 0.034375 0.056481
1 0.959635 0.747222 0.041146 0.044444
1 0.938281 0.698148 0.053646 0.075926
1 0.913542 0.675463 0.043750 0.065741
0 0.788802 0.643519 0.166146 0.229630
1 0.404687 0.685185 0.036458 0.077778
0 0.298177 0.520370 0.151562 0.305556
1 0.880729 0.925926 0.039583 0.072222
1 0.079948 0.563426 0.039062 0.054630
0 0.344271 0.757870 0.104167 0.237963
0 0.673958 0.340741 0.198958 0.314815
1 0.390625 0.826852 0.034375 0.061111
0 0.214844 0.327778 0.204687 0.296296
1 0.961198 0.250000 0.035937 0.048148
1 0.790365 0.248148 0.035937 0.072222
1 0.906771 0.306481 0.036458 0.050000
1 0.686719 0.139815 0.047396 0.066667
1 0.563021 0.089352 0.032292 0.058333
1 0.279687 0.098611 0.028125 0.056481
0 0.213281 0.069444 0.149479 0.137037
0 0.648958 0.076852 0.092708 0.151852
