0 0.292708 0.900000 0.109375 0.200000
1 0.471094 0.802778 0.045312 0.077778
1 0.441667 0.787500 0.034375 0.056481
1 0.958594 0.764815 0.041146 0.044444
1 0.932552 0.699074 0.053646 0.075926
1 0.908333 0.673611 0.043750 0.065741
0 0.788802 0.643519 0.166146 0.229630
1 0.404687 0.685185 0.036458 0.077778
0 0.298177 0.531481 0.151562 0.305556
1 0.877083 0.934259 0.039583 0.072222
1 0.079948 0.568981 0.039062 0.054630
0 0.341667 0.759722 0.104167 0.237963
0 0.673958 0.340741 0.198958 0.314815
1 0.390625 0.826852 0.034375 0.061111
0 0.214323 0.322222 0.204687 0.296296
1 0.956510 0.256481 0.035937 0.048148
1 0.789323 0.254630 0.035937 0.072222
1 0.905208 0.322222 0.036458 0.050000
1 0.684635 0.147222 0.047396 0.066667
1 0.563021 0.097685 0.032292 0.058333
1 0.284375 0.123611 0.028125 0.056481
0 0.209896 0.070370 0.152083 0.138889
0 0.638542 0.084259 0.110417 0.166667
