0 0.288542 0.912037 0.111458 0.175926
1 0.468490 0.814815 0.045312 0.077778
1 0.440104 0.804167 0.034375 0.056481
1 0.950260 0.773148 0.041146 0.044444
1 0.933594 0.720370 0.053646 0.075926
1 0.902604 0.701389 0.043750 0.065741
0 0.784635 0.675000 0.166146 0.229630
1 0.400000 0.717593 0.036458 0.077778
0 0.296615 0.548148 0.151562 0.305556
1 0.877083 0.934259 0.039583 0.072222
1 0.080990 0.581944 0.039062 0.054630
0 0.340625 0.746759 0.104167 0.237963
0 0.671354 0.351852 0.198958 0.314815
1 0.386979 0.850000 0.034375 0.061111
0 0.213802 0.349074 0.204687 0.296296
1 0.952083 0.275000 0.032292 0.066667
1 0.781510 0.269444 0.035937 0.072222
1 0.901042 0.332407 0.036458 0.050000
1 0.682031 0.166667 0.047396 0.066667
1 0.559896 0.118981 0.032292 0.058333
1 0.284375 0.123611 0.028125 0.056481
0 0.219531 0.079167 0.149479 0.156481
0 0.642708 0.090278 0.108333 0.178704
1 0.011458 0.112963 0.021875 0.044444
1 0.018750 0.065741 0.036458 0.042593
1 0.910677 0.022685 0.026562 0.043519
