0 0.284896 0.919444 0.118750 0.161111
1 0.466406 0.832407 0.045312 0.077778
1 0.437500 0.826389 0.034375 0.056481
1 0.944531 0.795370 0.041146 0.044444
1 0.927344 0.739815 0.053646 0.075926
1 0.900521 0.717130 0.043750 0.065741
0 0.784635 0.675000 0.166146 0.229630
1 0.398438 0.723148 0.036458 0.077778
0 0.296615 0.571296 0.151562 0.305556
1 0.083594 0.603241 0.039062 0.054630
0 0.351042 0.747685 0.104167 0.237963
0 0.671354 0.351852 0.198958 0.314815
1 0.384896 0.872222 0.034375 0.061111
0 0.213802 0.373148 0.204687 0.296296
1 0.946354 0.301852 0.032292 0.066667
1 0.774740 0.294444 0.035937 0.072222
1 0.897396 0.353704 0.036458 0.050000
1 0.673698 0.181481 0.047396 0.066667
1 0.555208 0.141204 0.032292 0.058333
1 0.282292 0.161574 0.028125 0.056481
0 0.211719 0.090278 0.152604 0.178704
0 0.633333 0.099074 0.117708 0.196296
1 0.011198 0.133333 0.021354 0.044444
1 0.018490 0.089815 0.035937 0.042593
1 0.903906 0.041204 0.026562 0.043519
