1 0.464844 0.848148 0.045312 0.077778
1 0.437500 0.843056 0.034375 0.056481
1 0.941406 0.816667 0.041146 0.044444
1 0.927344 0.759259 0.053646 0.075926
1 0.893229 0.742130 0.043750 0.065741
0 0.774740 0.672685 0.161979 0.295370
1 0.395833 0.744444 0.036458 0.077778
0 0.293490 0.578704 0.151562 0.305556
1 0.082552 0.626389 0.039062 0.054630
0 0.348958 0.758796 0.104167 0.237963
0 0.671354 0.397222 0.198958 0.314815
1 0.384375 0.885185 0.034375 0.061111
0 0.213802 0.380556 0.204687 0.296296
1 0.945833 0.318519 0.032292 0.066667
1 0.774740 0.324074 0.035937 0.072222
1 0.893229 0.379630 0.036458 0.050000
1 0.674219 0.212500 0.047396 0.067593
1 0.556771 0.161574 0.032292 0.058333
1 0.281250 0.178241 0.028125 0.056481
0 0.217448 0.096296 0.148438 0.190741
0 0.660677 0.102778 0.172396 0.203704
1 0.010937 0.142593 0.020833 0.044444
1 0.018229 0.106481 0.035417 0.042593
1 0.901823 0.068981 0.026562 0.043519
