1 0.461719 0.862963 0.045312 0.077778
1 0.435937 0.861574 0.034375 0.056481
1 0.938281 0.838889 0.041146 0.044444
1 0.917448 0.778704 0.053646 0.075926
1 0.892708 0.761574 0.043750 0.065741
0 0.772135 0.698611 0.161979 0.295370
1 0.395833 0.766667 0.036458 0.077778
0 0.284635 0.616667 0.151562 0.305556
1 0.079948 0.627315 0.039062 0.054630
0 0.348438 0.772685 0.104167 0.237963
0 0.665625 0.425926 0.198958 0.314815
1 0.381771 0.909259 0.034375 0.061111
0 0.219010 0.415278 0.195312 0.273148
1 0.944271 0.347222 0.032292 0.066667
1 0.776302 0.338889 0.035937 0.072222
1 0.891146 0.402778 0.036458 0.050000
1 0.673177 0.225463 0.047396 0.067593
1 0.554167 0.181944 0.032292 0.058333
1 0.280208 0.189352 0.028125 0.056481
0 0.210677 0.107407 0.152604 0.212963
0 0.660417 0.112037 0.176042 0.222222
1 0.010677 0.158333 0.020313 0.044444
1 0.017969 0.112963 0.034896 0.042593
1 0.900781 0.084722 0.026562 0.043519
