1 0.459635 0.881481 0.045312 0.077778
1 0.431250 0.881944 0.034375 0.056481
1 0.936719 0.863889 0.041146 0.044444
1 0.915365 0.802778 0.053646 0.075926
1 0.886979 0.788426 0.043750 0.065741
0 0.764583 0.724537 0.159375 0.312037
1 0.395313 0.781481 0.036458 0.077778
0 0.286198 0.628704 0.151562 0.305556
1 0.077344 0.645833 0.039062 0.054630
0 0.340885 0.788426 0.106771 0.252778
0 0.665625 0.425926 0.198958 0.314815
1 0.379167 0.925000 0.034375 0.061111
0 0.214323 0.425463 0.195312 0.273148
1 0.942187 0.361111 0.032292 0.066667
1 0.775781 0.359259 0.035937 0.072222
1 0.885938 0.425926 0.036458 0.050000
1 0.673177 0.248611 0.047396 0.067593
1 0.549479 0.198611 0.032292 0.058333
1 0.280208 0.205093 0.028125 0.056481
0 0.214323 0.118981 0.150521 0.236111
0 0.663021 0.122685 0.182292 0.243519
1 0.010417 0.164815 0.019792 0.044444
1 0.017708 0.123148 0.034375 0.042593
1 0.901823 0.107870 0.026562 0.043519
1 0.985417 0.829630 0.029167 0.081481
