1 0.453906 0.905556 0.045312 0.077778
1 0.429167 0.896759 0.034375 0.056481
1 0.928906 0.889815 0.041146 0.044444
1 0.912760 0.832407 0.053646 0.075926
1 0.886979 0.817130 0.043750 0.065741
0 0.758333 0.748611 0.159375 0.312037
1 0.392188 0.795370 0.036458 0.077778
0 0.280469 0.654630 0.151562 0.305556
1 0.075260 0.658796 0.039062 0.054630
0 0.339583 0.845370 0.118750 0.309259
0 0.665625 0.425926 0.198958 0.314815
1 0.372917 0.942593 0.034375 0.061111
0 0.217448 0.450463 0.192188 0.282407
1 0.939583 0.384259 0.032292 0.066667
1 0.773698 0.378704 0.035937 0.072222
1 0.889583 0.442130 0.036458 0.050926
1 0.549479 0.219907 0.032292 0.058333
1 0.279687 0.227315 0.028125 0.056481
0 0.208854 0.127778 0.150000 0.253704
0 0.663542 0.136111 0.181250 0.270370
1 0.010156 0.193056 0.019271 0.045370
1 0.017448 0.140741 0.033854 0.042593
1 0.899219 0.133333 0.031771 0.057407
1 0.985417 0.829630 0.029167 0.081481
