1 0.453385 0.928704 0.045312 0.077778
1 0.425521 0.918981 0.034375 0.056481
1 0.929427 0.914815 0.041146 0.044444
1 0.910156 0.858333 0.053646 0.075926
1 0.881771 0.841204 0.043750 0.065741
0 0.758333 0.770833 0.159375 0.312037
1 0.385417 0.829630 0.036458 0.077778
0 0.283594 0.662963 0.151562 0.305556
1 0.072656 0.681944 0.039062 0.054630
0 0.340885 0.856944 0.117188 0.286111
0 0.661979 0.479630 0.198958 0.314815
1 0.372396 0.964815 0.034375 0.061111
0 0.215365 0.458796 0.192188 0.282407
1 0.937500 0.409259 0.032292 0.066667
1 0.773698 0.405556 0.035937 0.072222
1 0.885417 0.478241 0.036458 0.050926
1 0.552083 0.245833 0.032292 0.058333
1 0.278646 0.245833 0.028125 0.056481
0 0.208073 0.138889 0.156771 0.275926
0 0.666146 0.164815 0.181250 0.270370
1 0.009896 0.208796 0.018750 0.045370
1 0.017188 0.162037 0.033333 0.042593
1 0.900781 0.161111 0.031771 0.057407
1 0.982292 0.882407 0.035417 0.077778
0 0.980729 0.319444 0.038542 0.096296
