1 0.450260 0.951852 0.045312 0.077778
1 0.419792 0.942130 0.034375 0.056481
1 0.928906 0.935185 0.041146 0.044444
1 0.907031 0.887037 0.053646 0.075926
1 0.879167 0.868056 0.043750 0.065741
0 0.756771 0.795833 0.159375 0.312037
1 0.385417 0.829630 0.036458 0.077778
0 0.280469 0.680556 0.151562 0.305556
1 0.070573 0.698611 0.039062 0.054630
0 0.336979 0.864352 0.116667 0.271296
0 0.660937 0.521296 0.198958 0.314815
1 0.368229 0.973611 0.033333 0.052778
0 0.213281 0.494907 0.192188 0.282407
1 0.937500 0.441667 0.032292 0.066667
1 0.772656 0.432407 0.035937 0.072222
1 0.883854 0.493981 0.036458 0.050926
1 0.554167 0.266204 0.032292 0.058333
1 0.278125 0.267130 0.028125 0.056481
0 0.210417 0.143056 0.153125 0.284259
0 0.665104 0.177778 0.181250 0.270370
1 0.009635 0.224537 0.018229 0.045370
1 0.016927 0.177778 0.032813 0.042593
1 0.900781 0.182407 0.031771 0.057407
1 0.979688 0.903704 0.035417 0.077778
0 0.980729 0.335185 0.038542 0.096296
