0 0.476042 0.535185 0.306250 0.357407
1 0.171354 0.418056 0.036458 0.049074
1 0.067187 0.442593 0.026042 0.083333
1 0.145052 0.177778 0.018229 0.022222
1 0.146094 0.197222 0.016146 0.016667
1 0.371354 0.657407 0.012500 0.016667
1 0.023958 0.820833 0.031250 0.056481
1 0.044010 0.772685 0.022396 0.030556
1 0.142187 0.877778 0.014583 0.025926
1 0.273177 0.430556 0.014063 0.040741
1 0.461719 0.365741 0.028646 0.057407
1 0.724219 0.320370 0.028646 0.053704
1 0.758594 0.106481 0.047396 0.083333
1 0.816146 0.211574 0.032292 0.078704
1 0.975781 0.208796 0.030729 0.075000
1 0.894531 0.037963 0.027604 0.068519
1 0.750781 0.912963 0.029687 0.074074
1 0.749479 0.864815 0.014583 0.022222
1 0.677083 0.777315 0.036458 0.039815
1 0.786458 0.618519 0.025000 0.074074
