1 0.448177 0.961111 0.045312 0.077778
1 0.418229 0.964352 0.034375 0.056481
1 0.906510 0.912963 0.053646 0.075926
1 0.873437 0.890278 0.043750 0.065741
0 0.754948 0.827315 0.157812 0.332407
1 0.380208 0.865741 0.036458 0.077778
0 0.284635 0.694444 0.151562 0.305556
1 0.070052 0.709722 0.039062 0.054630
0 0.339062 0.875463 0.114583 0.249074
0 0.659896 0.530556 0.198958 0.314815
0 0.215885 0.509722 0.192188 0.282407
1 0.934896 0.467593 0.032292 0.066667
1 0.769531 0.453704 0.035937 0.072222
1 0.881250 0.526389 0.036458 0.050926
1 0.552604 0.290278 0.032292 0.058333
1 0.276562 0.290278 0.028125 0.056481
0 0.207031 0.157407 0.154688 0.312963
0 0.658333 0.207407 0.181250 0.270370
1 0.016667 0.197222 0.032292 0.042593
1 0.898177 0.201852 0.031771 0.057407
1 0.973437 0.934259 0.035417 0.077778
0 0.980729 0.369444 0.038542 0.096296
1 0.920573 0.966667 0.040104 0.050000
0 0.741927 0.075463 0.211979 0.149074
