1 0.901823 0.946296 0.053646 0.075926
1 0.870313 0.924537 0.043750 0.065741
0 0.749740 0.840741 0.153646 0.318519
1 0.380208 0.899074 0.036458 0.077778
0 0.282552 0.725926 0.151562 0.305556
1 0.066406 0.743056 0.039062 0.054630
0 0.328906 0.889352 0.124479 0.221296
0 0.656771 0.560185 0.198958 0.314815
0 0.208073 0.534722 0.192188 0.282407
1 0.929688 0.504630 0.032292 0.066667
1 0.768490 0.482407 0.035937 0.072222
1 0.881250 0.556019 0.036458 0.050926
1 0.548438 0.319907 0.032292 0.058333
1 0.277083 0.320833 0.028125 0.056481
0 0.200781 0.172222 0.158854 0.342593
0 0.656771 0.242593 0.181250 0.270370
1 0.016406 0.220370 0.031771 0.042593
1 0.895573 0.236111 0.031771 0.057407
1 0.970313 0.961111 0.035417 0.077778
0 0.976042 0.404167 0.047917 0.091667
0 0.744010 0.084259 0.217188 0.166667
1 0.010417 0.262037 0.019792 0.042593
