1 0.893750 0.964352 0.050000 0.071296
1 0.868229 0.946759 0.043750 0.065741
0 0.746615 0.855093 0.147396 0.289815
1 0.377604 0.918519 0.036458 0.077778
0 0.278906 0.743519 0.151562 0.305556
1 0.068229 0.763426 0.039583 0.054630
0 0.652604 0.586111 0.198958 0.314815
0 0.209635 0.564352 0.192188 0.282407
1 0.925521 0.519444 0.032292 0.066667
1 0.761198 0.519444 0.035937 0.072222
1 0.876042 0.577315 0.036458 0.050926
1 0.548438 0.343056 0.032292 0.058333
1 0.276562 0.345833 0.028125 0.056481
0 0.199740 0.182870 0.155729 0.363889
0 0.657813 0.271296 0.181250 0.270370
1 0.016146 0.246296 0.031250 0.042593
1 0.892969 0.264815 0.031771 0.057407
0 0.976042 0.426389 0.047917 0.091667
0 0.746354 0.099537 0.221875 0.197222
1 0.010156 0.285185 0.019271 0.042593
1 0.664844 0.400000 0.024479 0.038889
