1 0.857812 0.967130 0.043750 0.065741
0 0.727344 0.868519 0.125521 0.262963
1 0.375000 0.947222 0.036458 0.077778
0 0.274740 0.781481 0.151562 0.305556
1 0.066667 0.783796 0.039583 0.054630
0 0.652604 0.586111 0.198958 0.314815
0 0.207031 0.589352 0.192188 0.282407
1 0.920833 0.547222 0.032292 0.066667
1 0.759115 0.538889 0.035937 0.072222
1 0.870313 0.606019 0.036458 0.050926
1 0.544271 0.366204 0.032292 0.058333
1 0.273438 0.367130 0.028125 0.056481
0 0.198437 0.196759 0.157292 0.391667
0 0.655208 0.303704 0.181250 0.270370
1 0.015885 0.260185 0.030729 0.042593
1 0.888802 0.293519 0.031771 0.057407
0 0.976042 0.455093 0.047917 0.091667
0 0.744792 0.113889 0.225000 0.225926
1 0.009896 0.311111 0.018750 0.042593
