0 0.719531 0.881481 0.114062 0.237037
1 0.367708 0.953704 0.036458 0.077778
0 0.276302 0.810185 0.151562 0.305556
1 0.059896 0.796759 0.039583 0.054630
0 0.652604 0.586111 0.198958 0.314815
0 0.204427 0.606019 0.192188 0.282407
1 0.913021 0.574074 0.032292 0.066667
1 0.752865 0.550926 0.035937 0.072222
1 0.863021 0.620833 0.036458 0.050926
1 0.536458 0.389352 0.032292 0.058333
1 0.265104 0.377315 0.028125 0.056481
0 0.197396 0.208796 0.160417 0.415741
0 0.646354 0.317593 0.181250 0.270370
1 0.878385 0.312037 0.031771 0.057407
0 0.970833 0.475463 0.058333 0.097222
0 0.724740 0.125000 0.195312 0.248148
0 0.958333 0.218981 0.083333 0.256481
0 0.960156 0.060185 0.079687 0.118519
