0 0.703125 0.885185 0.101042 0.229630
1 0.361979 0.961111 0.036458 0.077778
0 0.289062 0.816204 0.177083 0.313889
1 0.055208 0.813426 0.039583 0.054630
0 0.635417 0.637037 0.198958 0.314815
0 0.200781 0.606019 0.192188 0.282407
1 0.909375 0.583333 0.032292 0.066667
1 0.748177 0.572222 0.035937 0.072222
1 0.854167 0.637500 0.036458 0.050926
1 0.532031 0.397685 0.032813 0.058333
1 0.263542 0.383796 0.028125 0.056481
0 0.191667 0.210648 0.160417 0.415741
0 0.646354 0.317593 0.181250 0.270370
1 0.872656 0.327778 0.031771 0.057407
0 0.960938 0.493981 0.058333 0.097222
0 0.731510 0.137500 0.194271 0.273148
0 0.958333 0.230093 0.083333 0.256481
0 0.956510 0.058333 0.086979 0.114815
1 0.031510 0.340741 0.047396 0.061111
1 0.265625 0.080093 0.037500 0.039815
1 0.268229 0.137037 0.036458 0.074074
0 0.442708 0.152315 0.139583 0.302778
