0 0.700260 0.892130 0.101562 0.215741
1 0.356771 0.969444 0.034375 0.061111
0 0.282292 0.824537 0.177083 0.313889
1 0.054167 0.825463 0.039583 0.054630
0 0.630729 0.658333 0.198958 0.314815
0 0.187240 0.626389 0.192188 0.282407
1 0.906771 0.597222 0.032292 0.066667
1 0.741927 0.587037 0.035937 0.072222
1 0.850521 0.653241 0.036458 0.050926
1 0.530469 0.414352 0.032813 0.058333
1 0.263542 0.383796 0.028125 0.056481
0 0.188542 0.218981 0.160417 0.415741
0 0.629687 0.336111 0.181250 0.270370
1 0.870052 0.339815 0.031771 0.057407
0 0.958333 0.496759 0.058333 0.097222
0 0.733073 0.137037 0.194271 0.272222
0 0.953646 0.249537 0.092708 0.258333
0 0.953906 0.065278 0.092188 0.128704
1 0.027865 0.350926 0.047396 0.061111
1 0.263542 0.092130 0.037500 0.039815
1 0.261458 0.148148 0.036458 0.074074
0 0.442708 0.152315 0.139583 0.302778
1 0.062500 0.153704 0.033333 0.066667
