0 0.695573 0.896759 0.097396 0.206481
0 0.270833 0.843056 0.177083 0.313889
1 0.049479 0.829167 0.039583 0.054630
0 0.631771 0.662963 0.198958 0.314815
0 0.180990 0.636574 0.192188 0.282407
1 0.902604 0.606481 0.032292 0.066667
1 0.739323 0.587037 0.035937 0.072222
1 0.847396 0.658796 0.036458 0.050926
1 0.526823 0.426389 0.032813 0.058333
1 0.256250 0.412500 0.028125 0.056481
0 0.186458 0.231019 0.160417 0.415741
0 0.629687 0.336111 0.181250 0.270370
1 0.865365 0.347222 0.031771 0.057407
0 0.953646 0.515278 0.058333 0.097222
0 0.713281 0.150463 0.204687 0.289815
0 0.953646 0.263426 0.092708 0.258333
0 0.952344 0.072222 0.095312 0.142593
1 0.023958 0.359259 0.046875 0.061111
1 0.257292 0.102315 0.037500 0.039815
1 0.260417 0.152778 0.036458 0.074074
0 0.435417 0.163426 0.142708 0.325000
1 0.057292 0.162963 0.033333 0.066667
