0 0.680990 0.904167 0.084896 0.191667
0 0.268229 0.851852 0.173958 0.296296
1 0.047396 0.847685 0.039583 0.054630
0 0.625521 0.680556 0.198958 0.314815
0 0.180990 0.661574 0.192188 0.282407
1 0.897396 0.618519 0.032292 0.066667
1 0.735677 0.610185 0.035937 0.072222
1 0.846875 0.676389 0.036458 0.050926
1 0.526823 0.426389 0.032813 0.058333
1 0.252865 0.430093 0.028646 0.056481
0 0.183854 0.248611 0.160417 0.415741
0 0.633854 0.363889 0.181250 0.270370
1 0.861719 0.368519 0.031771 0.057407
0 0.951042 0.529167 0.058333 0.097222
0 0.705990 0.156481 0.203646 0.311111
0 0.950000 0.282407 0.100000 0.257407
0 0.951823 0.081019 0.096354 0.160185
1 0.023698 0.376852 0.046354 0.061111
1 0.257292 0.118519 0.037500 0.040741
1 0.256771 0.164815 0.036458 0.074074
0 0.434115 0.176389 0.150521 0.350926
1 0.057292 0.175926 0.033333 0.066667
1 0.161198 0.080093 0.029687 0.045370
1 0.634635 0.492593 0.023438 0.029630
