0 0.680990 0.894907 0.073438 0.150926
0 0.266927 0.856019 0.188021 0.287963
1 0.043229 0.858796 0.039583 0.054630
0 0.617188 0.697222 0.198958 0.314815
0 0.176302 0.664352 0.192188 0.282407
1 0.895312 0.631481 0.032292 0.066667
1 0.733073 0.616667 0.035937 0.072222
1 0.841146 0.690278 0.036458 0.050926
1 0.514062 0.454167 0.033333 0.058333
1 0.252865 0.430093 0.028646 0.056481
0 0.182292 0.256944 0.160417 0.415741
0 0.623958 0.388889 0.181250 0.270370
1 0.859115 0.379630 0.031771 0.057407
0 0.945833 0.539352 0.058333 0.097222
0 0.706250 0.165278 0.207292 0.328704
0 0.947656 0.289352 0.104688 0.254630
0 0.949479 0.087963 0.101042 0.174074
1 0.023438 0.389815 0.045833 0.061111
1 0.250000 0.126852 0.037500 0.040741
1 0.251042 0.174074 0.036458 0.074074
0 0.431510 0.175926 0.150521 0.350000
1 0.054167 0.189815 0.033333 0.066667
1 0.153906 0.092130 0.029687 0.045370
1 0.632031 0.506481 0.023438 0.029630
1 0.964323 0.749074 0.033854 0.062963
1 0.986979 0.723611 0.026042 0.037963
