0 0.674740 0.911574 0.073438 0.150926
0 0.264323 0.868981 0.184896 0.262037
1 0.040625 0.878241 0.039583 0.054630
0 0.617188 0.712963 0.198958 0.314815
0 0.180990 0.692130 0.192188 0.282407
1 0.888021 0.654630 0.032292 0.066667
1 0.728385 0.631481 0.035937 0.072222
1 0.836979 0.704167 0.036458 0.050926
1 0.515104 0.469907 0.033333 0.058333
1 0.246094 0.457870 0.028646 0.056481
0 0.174479 0.272685 0.160417 0.415741
0 0.623958 0.388889 0.181250 0.270370
1 0.854427 0.399074 0.031771 0.057407
0 0.941667 0.555093 0.058333 0.097222
0 0.706510 0.173611 0.208854 0.345370
0 0.947656 0.314352 0.104688 0.254630
0 0.946354 0.096296 0.107292 0.190741
1 0.023177 0.404630 0.045312 0.061111
1 0.248438 0.150000 0.037500 0.040741
1 0.251042 0.199074 0.036458 0.074074
0 0.426563 0.184722 0.148958 0.367593
1 0.049479 0.200926 0.033333 0.066667
1 0.153906 0.107870 0.029687 0.045370
1 0.628385 0.522222 0.023438 0.029630
1 0.962760 0.761111 0.033854 0.062963
1 0.986458 0.736574 0.026042 0.037963
