0 0.675000 0.931019 0.073958 0.137963
0 0.252083 0.878241 0.180208 0.243519
1 0.036979 0.887500 0.039583 0.054630
0 0.613021 0.721296 0.198958 0.314815
0 0.174219 0.693981 0.192188 0.282407
1 0.886458 0.667593 0.032292 0.066667
1 0.726823 0.651852 0.035937 0.072222
1 0.834896 0.726389 0.036458 0.050926
1 0.511979 0.480093 0.033333 0.058333
1 0.242448 0.469907 0.028646 0.056481
0 0.172396 0.290278 0.160417 0.415741
0 0.620833 0.418519 0.181250 0.270370
1 0.854427 0.408333 0.031771 0.057407
0 0.939063 0.581019 0.058333 0.097222
0 0.703385 0.179167 0.207813 0.356481
0 0.944010 0.333796 0.111979 0.258333
0 0.945052 0.107407 0.109896 0.212963
1 0.251042 0.169444 0.037500 0.040741
1 0.247396 0.206481 0.036458 0.074074
0 0.426302 0.193981 0.149479 0.386111
1 0.048438 0.211111 0.033333 0.066667
1 0.150781 0.129167 0.029687 0.045370
1 0.625781 0.537963 0.023438 0.029630
1 0.957552 0.775000 0.033854 0.062963
1 0.983854 0.753241 0.026042 0.037963
