0 0.672135 0.938426 0.071354 0.123148
0 0.252604 0.881944 0.159375 0.236111
1 0.036979 0.905093 0.039583 0.054630
0 0.608854 0.746296 0.198958 0.314815
0 0.168490 0.722685 0.192188 0.282407
1 0.886458 0.680556 0.032292 0.066667
1 0.723177 0.667593 0.035937 0.072222
1 0.834375 0.737500 0.036458 0.050926
1 0.510938 0.500463 0.033333 0.058333
1 0.242969 0.487500 0.028646 0.056481
0 0.173437 0.307870 0.160417 0.415741
0 0.613542 0.442593 0.181250 0.270370
1 0.851823 0.430556 0.031771 0.057407
0 0.935417 0.603241 0.058333 0.097222
0 0.705990 0.192593 0.205729 0.366667
0 0.944010 0.350463 0.111979 0.258333
0 0.941927 0.119907 0.116146 0.237963
1 0.249479 0.179630 0.037500 0.040741
1 0.246354 0.234259 0.036458 0.074074
0 0.422656 0.205093 0.149479 0.386111
1 0.048438 0.223148 0.033333 0.066667
1 0.149740 0.141204 0.029687 0.045370
1 0.624740 0.560185 0.023438 0.029630
1 0.954948 0.794444 0.033854 0.062963
1 0.981250 0.768056 0.026042 0.037963
