0 0.664583 0.948611 0.056250 0.102778
0 0.247396 0.892593 0.144792 0.214815
1 0.034896 0.925463 0.039583 0.054630
0 0.605729 0.761111 0.198958 0.314815
0 0.167448 0.743981 0.192188 0.282407
1 0.885417 0.701852 0.032292 0.066667
1 0.722135 0.690741 0.035937 0.072222
1 0.831250 0.761574 0.036458 0.050926
1 0.507812 0.520833 0.033333 0.058333
1 0.241406 0.512500 0.028646 0.056481
0 0.169271 0.333796 0.160417 0.415741
0 0.618229 0.452778 0.181250 0.270370
1 0.851302 0.448148 0.031771 0.057407
0 0.935417 0.618981 0.058333 0.097222
0 0.708073 0.205556 0.205729 0.366667
0 0.944010 0.364352 0.111979 0.258333
0 0.941927 0.142130 0.116146 0.237963
1 0.251563 0.205556 0.037500 0.040741
1 0.244271 0.253704 0.036458 0.074074
0 0.420573 0.225463 0.149479 0.386111
1 0.044271 0.255556 0.033333 0.066667
1 0.150260 0.160648 0.029687 0.045370
1 0.625260 0.568519 0.023438 0.029630
1 0.950260 0.814815 0.033854 0.062963
1 0.979167 0.786574 0.026042 0.037963
