0 0.257552 0.898148 0.122396 0.203704
1 0.034896 0.933796 0.039583 0.054630
0 0.601042 0.780556 0.198958 0.314815
0 0.168490 0.755093 0.192188 0.282407
1 0.882812 0.721296 0.032292 0.066667
1 0.720052 0.706481 0.035937 0.072222
1 0.830208 0.769907 0.036458 0.050926
1 0.509375 0.538426 0.033333 0.058333
1 0.241406 0.527315 0.028646 0.056481
0 0.169271 0.354167 0.160417 0.415741
0 0.626042 0.466667 0.181250 0.270370
1 0.849219 0.463889 0.031771 0.057407
0 0.934896 0.629167 0.058333 0.097222
0 0.705469 0.238889 0.205729 0.366667
0 0.942187 0.394444 0.115625 0.264815
0 0.941927 0.164352 0.116146 0.237963
1 0.244271 0.217593 0.037500 0.040741
1 0.244271 0.262037 0.036458 0.074074
0 0.417969 0.249537 0.149479 0.386111
1 0.044792 0.274074 0.033333 0.066667
1 0.150260 0.174537 0.029687 0.045370
1 0.622656 0.590741 0.023438 0.029630
1 0.948698 0.827778 0.033854 0.062963
1 0.978646 0.804167 0.026042 0.037963
