0 0.261979 0.906944 0.125000 0.186111
1 0.035937 0.946759 0.039583 0.054630
0 0.603646 0.789815 0.198958 0.314815
0 0.171615 0.771759 0.192188 0.282407
1 0.879687 0.737963 0.032292 0.066667
1 0.720052 0.726852 0.035937 0.072222
1 0.830208 0.790278 0.036458 0.050926
1 0.509375 0.550463 0.033333 0.058333
1 0.243490 0.539352 0.028646 0.056481
0 0.168750 0.368981 0.160417 0.415741
0 0.620833 0.490741 0.181250 0.270370
1 0.848698 0.480556 0.031771 0.057407
0 0.934896 0.645833 0.058333 0.097222
0 0.710677 0.258333 0.205729 0.366667
0 0.942187 0.409259 0.115625 0.264815
0 0.944010 0.199074 0.111979 0.292593
1 0.244271 0.237037 0.037500 0.040741
1 0.249479 0.282407 0.036458 0.074074
0 0.417969 0.260648 0.149479 0.386111
1 0.050521 0.294444 0.033333 0.066667
1 0.153385 0.195833 0.029687 0.045370
1 0.624219 0.605556 0.023438 0.029630
1 0.948698 0.849074 0.033854 0.062963
1 0.977083 0.819907 0.026042 0.037963
