0 0.269271 0.916204 0.112500 0.167593
1 0.036979 0.963426 0.039583 0.054630
0 0.602604 0.805556 0.198958 0.314815
0 0.171615 0.793056 0.192188 0.282407
1 0.879687 0.751852 0.032292 0.066667
1 0.720052 0.737037 0.035937 0.072222
1 0.829688 0.806019 0.036458 0.050926
1 0.510938 0.563426 0.033333 0.058333
1 0.243490 0.539352 0.028646 0.056481
0 0.167708 0.383796 0.160417 0.415741
0 0.617188 0.508333 0.181250 0.270370
1 0.849219 0.497222 0.031771 0.057407
0 0.933333 0.664352 0.058333 0.097222
0 0.710677 0.274074 0.205729 0.366667
0 0.942187 0.424074 0.115625 0.264815
0 0.944010 0.224074 0.111979 0.292593
1 0.244271 0.247222 0.037500 0.040741
1 0.247917 0.288889 0.036458 0.074074
0 0.421094 0.271759 0.149479 0.386111
1 0.053125 0.300000 0.033333 0.066667
1 0.153385 0.211574 0.029687 0.045370
1 0.623177 0.621296 0.023438 0.029630
1 0.950260 0.862963 0.033854 0.062963
1 0.975000 0.833796 0.026042 0.037963
0 0.739844 0.047685 0.084896 0.093519
