1 0.042188 0.971759 0.039583 0.054630
0 0.606771 0.823148 0.198958 0.314815
0 0.179948 0.799537 0.192188 0.282407
1 0.881771 0.763889 0.032292 0.066667
1 0.722656 0.752778 0.035937 0.072222
1 0.828646 0.819907 0.036458 0.050926
1 0.511979 0.575463 0.033333 0.058333
1 0.249740 0.568056 0.028646 0.056481
0 0.167708 0.402315 0.160417 0.415741
0 0.617188 0.508333 0.181250 0.270370
1 0.849740 0.512963 0.031771 0.057407
0 0.932813 0.668981 0.058333 0.097222
0 0.700781 0.291667 0.205729 0.366667
0 0.942187 0.444444 0.115625 0.264815
0 0.944010 0.242593 0.111979 0.292593
1 0.251042 0.265741 0.037500 0.040741
1 0.253125 0.307407 0.036458 0.074074
0 0.422656 0.293981 0.149479 0.386111
1 0.053646 0.322222 0.033333 0.066667
1 0.157552 0.218981 0.029687 0.045370
1 0.624740 0.637963 0.023438 0.029630
1 0.950781 0.878704 0.033854 0.062963
1 0.976562 0.856019 0.026042 0.037963
0 0.741406 0.056481 0.085938 0.111111
1 0.217448 0.027315 0.046354 0.052778
