1 0.047135 0.974537 0.046354 0.050926
0 0.607292 0.836111 0.198958 0.314815
0 0.179427 0.813426 0.192188 0.282407
1 0.881771 0.778704 0.032292 0.066667
1 0.722656 0.752778 0.035937 0.072222
1 0.831250 0.835648 0.036458 0.050926
1 0.516146 0.602315 0.033333 0.058333
1 0.249740 0.576389 0.028646 0.056481
0 0.172396 0.416204 0.160417 0.415741
0 0.613542 0.540741 0.181250 0.270370
1 0.850260 0.524074 0.031771 0.057407
0 0.936458 0.689352 0.058333 0.097222
0 0.700781 0.311111 0.205729 0.366667
0 0.942187 0.455556 0.115625 0.264815
0 0.944792 0.274074 0.110417 0.314815
1 0.255729 0.281481 0.037500 0.040741
1 0.255729 0.325000 0.036458 0.074074
0 0.423177 0.306019 0.149479 0.386111
1 0.060937 0.329630 0.033333 0.066667
1 0.164323 0.238426 0.029687 0.045370
1 0.628906 0.651852 0.023438 0.029630
1 0.952344 0.898148 0.033854 0.062963
1 0.976562 0.868056 0.026042 0.037963
0 0.743229 0.066204 0.097917 0.130556
1 0.219792 0.035185 0.047917 0.061111
