0 0.606510 0.844444 0.195312 0.311111
0 0.183073 0.821759 0.192188 0.282407
1 0.883854 0.795370 0.032292 0.066667
1 0.726823 0.779630 0.035937 0.072222
1 0.832812 0.845833 0.036458 0.050926
1 0.518750 0.605093 0.033333 0.058333
1 0.252344 0.588426 0.028646 0.056481
0 0.175000 0.421759 0.160417 0.415741
0 0.623958 0.549074 0.181250 0.270370
1 0.849219 0.542593 0.031771 0.057407
0 0.935937 0.695833 0.058333 0.097222
0 0.701302 0.312963 0.205729 0.366667
0 0.942187 0.472222 0.115625 0.264815
0 0.941667 0.275000 0.116667 0.292593
1 0.258333 0.294444 0.037500 0.040741
1 0.258854 0.337037 0.036458 0.074074
0 0.423177 0.318981 0.149479 0.386111
1 0.060937 0.336111 0.033333 0.066667
1 0.166406 0.253241 0.029687 0.045370
1 0.629427 0.663889 0.023438 0.029630
1 0.954427 0.906481 0.033854 0.062963
1 0.976562 0.880093 0.026042 0.037963
0 0.748958 0.071296 0.104167 0.140741
1 0.223958 0.049074 0.047917 0.061111
