1 0.818490 0.850000 0.044271 0.074074
1 0.735417 0.394907 0.050000 0.076852
1 0.705990 0.769444 0.040104 0.114815
1 0.698438 0.533333 0.031250 0.068519
1 0.873698 0.334722 0.030729 0.056481
0 0.467448 0.552778 0.305729 0.746296
1 0.220052 0.875926 0.035937 0.072222
1 0.655990 0.475463 0.035937 0.095370
1 0.640365 0.105093 0.048438 0.119444
1 0.668750 0.605556 0.036458 0.070370
1 0.650521 0.625000 0.043750 0.096296
1 0.868229 0.234722 0.029167 0.049074
1 0.393229 0.368519 0.032292 0.046296
1 0.439583 0.221296 0.043750 0.035185
1 0.098698 0.399074 0.026562 0.050000
