0 0.613281 0.850463 0.195312 0.299074
0 0.179427 0.830093 0.192188 0.282407
1 0.883854 0.806481 0.032292 0.066667
1 0.727344 0.788889 0.035937 0.072222
1 0.832812 0.849537 0.036458 0.050926
1 0.518750 0.617130 0.033333 0.058333
1 0.253385 0.597685 0.028646 0.056481
0 0.175521 0.438426 0.160417 0.415741
0 0.633333 0.551852 0.180208 0.264815
1 0.851302 0.550000 0.031771 0.057407
0 0.938542 0.721759 0.058333 0.097222
0 0.701823 0.325926 0.205729 0.366667
0 0.942187 0.475926 0.115625 0.264815
0 0.941667 0.278704 0.116667 0.292593
1 0.259896 0.299074 0.037500 0.040741
1 0.259896 0.343519 0.036458 0.074074
0 0.428385 0.331944 0.149479 0.386111
1 0.062760 0.345370 0.033854 0.066667
1 0.166406 0.256944 0.029687 0.045370
1 0.629427 0.672222 0.023438 0.029630
1 0.954427 0.920370 0.033854 0.062963
1 0.977083 0.891204 0.026042 0.037963
0 0.752083 0.079630 0.106250 0.157407
1 0.227083 0.059259 0.047917 0.061111
0 0.569792 0.211574 0.135417 0.243519
