0 0.617188 0.859259 0.194792 0.281481
0 0.181510 0.845833 0.192188 0.282407
1 0.888021 0.819444 0.032292 0.066667
1 0.729427 0.800926 0.035937 0.072222
1 0.832812 0.863426 0.036458 0.050926
1 0.518750 0.626389 0.033333 0.058333
1 0.254948 0.604167 0.028646 0.056481
0 0.179167 0.441204 0.160417 0.415741
0 0.627604 0.563889 0.180208 0.264815
1 0.851302 0.550000 0.031771 0.057407
0 0.939063 0.730093 0.058333 0.097222
0 0.703385 0.341667 0.205729 0.366667
0 0.942187 0.487037 0.115625 0.264815
0 0.944531 0.292593 0.110937 0.281481
1 0.263021 0.311111 0.037500 0.040741
1 0.263021 0.358333 0.036458 0.074074
0 0.430469 0.340278 0.149479 0.386111
1 0.066406 0.362037 0.033854 0.066667
1 0.170573 0.270833 0.029687 0.045370
1 0.633073 0.682407 0.023438 0.029630
1 0.954427 0.924074 0.033854 0.062963
1 0.979167 0.903241 0.026042 0.037963
0 0.754167 0.084259 0.107292 0.166667
1 0.227604 0.063889 0.047917 0.061111
0 0.567708 0.215278 0.135417 0.243519
