0 0.439063 0.139352 0.211458 0.258333
0 0.402083 0.385648 0.213542 0.306481
0 0.445312 0.560185 0.267708 0.411111
1 0.708854 0.071296 0.052083 0.074074
1 0.025260 0.281481 0.035937 0.062963
1 0.305208 0.825926 0.039583 0.061111
1 0.766146 0.515741 0.048958 0.066667
1 0.755729 0.553241 0.037500 0.063889
1 0.667708 0.206019 0.040625 0.086111
1 0.622917 0.271296 0.070833 0.114815
1 0.840104 0.046296 0.028125 0.046296
1 0.204427 0.458333 0.034896 0.061111
1 0.340104 0.868519 0.035417 0.064815
1 0.690104 0.502778 0.021875 0.029630
1 0.660417 0.421296 0.026042 0.081481
