0 0.497396 0.660648 0.285417 0.595370
1 0.780729 0.543519 0.045833 0.070370
1 0.750521 0.910648 0.034375 0.089815
1 0.440365 0.524074 0.039062 0.050000
1 0.700260 0.627315 0.030729 0.073148
1 0.273438 0.349537 0.029167 0.037963
1 0.173437 0.693519 0.020833 0.033333
1 0.678646 0.258333 0.046875 0.125926
1 0.907552 0.382870 0.026562 0.049074
1 0.911979 0.484259 0.022917 0.048148
1 0.740625 0.671759 0.028125 0.067593
1 0.483854 0.382407 0.041667 0.033333
1 0.146354 0.562500 0.029167 0.047222
1 0.562240 0.350926 0.013021 0.025926
