1 0.906771 0.415278 0.033333 0.041667
1 0.701823 0.657870 0.031771 0.082407
1 0.779427 0.574074 0.047396 0.074074
1 0.749740 0.931019 0.027604 0.076852
1 0.175781 0.724537 0.023438 0.045370
1 0.440625 0.553704 0.043750 0.053704
1 0.275781 0.380556 0.028646 0.029630
0 0.495573 0.687037 0.274479 0.588889
1 0.743490 0.703241 0.022396 0.069444
1 0.913802 0.518519 0.026562 0.050000
1 0.966927 0.052315 0.024479 0.034259
1 0.360938 0.149074 0.081250 0.051852
1 0.561719 0.383333 0.011979 0.025926
1 0.483333 0.408796 0.042708 0.030556
