0 0.491146 0.702315 0.262500 0.578704
1 0.741667 0.722222 0.032292 0.074074
1 0.148698 0.616204 0.033854 0.060185
1 0.174740 0.745833 0.023438 0.030556
1 0.780990 0.592130 0.044271 0.069444
1 0.916927 0.535648 0.024479 0.043519
1 0.752865 0.953241 0.038021 0.080556
1 0.706771 0.676389 0.030208 0.086111
1 0.315885 0.035648 0.036979 0.050926
1 0.968229 0.065741 0.021875 0.040741
1 0.907292 0.430556 0.030208 0.051852
1 0.276823 0.395833 0.024479 0.039815
1 0.439583 0.569444 0.037500 0.057407
1 0.360417 0.163426 0.082292 0.060185
1 0.485156 0.426389 0.041146 0.032407
1 0.627865 0.138889 0.013021 0.020370
1 0.866667 0.075463 0.023958 0.036111
1 0.724219 0.370833 0.009896 0.045370
1 0.867708 0.505556 0.019792 0.031481
1 0.653125 0.854630 0.016667 0.027778
1 0.563281 0.400000 0.013021 0.029630
