0 0.490625 0.237963 0.279167 0.474074
1 0.273958 0.430093 0.025000 0.034259
1 0.742708 0.750463 0.032292 0.075000
1 0.703646 0.713426 0.032292 0.082407
1 0.911198 0.468056 0.028646 0.054630
1 0.780990 0.623611 0.041146 0.069444
1 0.915104 0.569907 0.029167 0.041667
1 0.144792 0.647222 0.027083 0.048148
1 0.435937 0.602315 0.038542 0.045370
1 0.482812 0.460185 0.044792 0.035185
1 0.312240 0.062963 0.031771 0.050000
1 0.359635 0.190278 0.081771 0.065741
1 0.676302 0.334722 0.043229 0.123148
1 0.968490 0.100000 0.023438 0.046296
1 0.560937 0.428704 0.012500 0.033333
