1 0.925260 0.779167 0.034896 0.039815
1 0.957812 0.898148 0.014583 0.053704
1 0.050521 0.860185 0.047917 0.083333
1 0.088802 0.658796 0.030729 0.049074
1 0.195833 0.787500 0.034375 0.058333
1 0.110937 0.960648 0.033333 0.071296
1 0.341406 0.865278 0.032813 0.065741
1 0.336198 0.817130 0.032813 0.075000
1 0.276302 0.945833 0.023438 0.063889
1 0.754687 0.259259 0.034375 0.044444
1 0.761458 0.299537 0.025000 0.041667
1 0.611979 0.444907 0.019792 0.036111
1 0.782031 0.927778 0.019271 0.042593
1 0.401302 0.684259 0.021354 0.046296
