1 0.922135 0.751852 0.034896 0.042593
1 0.613021 0.423148 0.012500 0.029630
1 0.781510 0.899074 0.020313 0.051852
1 0.753906 0.237037 0.029687 0.042593
1 0.759635 0.273611 0.030729 0.045370
1 0.054427 0.829167 0.045312 0.075000
1 0.199219 0.759259 0.033854 0.059259
1 0.092708 0.631019 0.029167 0.052778
1 0.317708 0.971759 0.030208 0.050926
1 0.341927 0.837037 0.031771 0.068519
1 0.341667 0.791204 0.030208 0.075000
1 0.280729 0.915278 0.025000 0.065741
1 0.115365 0.932870 0.034896 0.071296
1 0.404167 0.655556 0.016667 0.050000
