1 0.119010 0.898611 0.033854 0.071296
1 0.058333 0.797222 0.044792 0.085185
1 0.750521 0.210648 0.032292 0.039815
1 0.756250 0.244444 0.027083 0.048148
1 0.821875 0.254167 0.030208 0.026852
1 0.202604 0.731019 0.034375 0.056481
1 0.319792 0.940278 0.032292 0.054630
1 0.282552 0.882870 0.027604 0.065741
1 0.344271 0.806944 0.031250 0.065741
1 0.342969 0.768981 0.032813 0.065741
1 0.099479 0.604630 0.025000 0.055556
1 0.779687 0.865278 0.016667 0.041667
1 0.947917 0.832870 0.017708 0.058333
1 0.917188 0.719907 0.035417 0.037963
1 0.405990 0.625000 0.022396 0.050000
