1 0.061979 0.764352 0.041667 0.073148
1 0.203125 0.695370 0.031250 0.057407
1 0.100260 0.568056 0.027604 0.050926
1 0.121094 0.863426 0.036979 0.076852
1 0.285156 0.846296 0.024479 0.068519
1 0.321875 0.907870 0.035417 0.056481
1 0.368229 0.874537 0.035417 0.043519
1 0.345313 0.772685 0.027083 0.067593
1 0.342708 0.734259 0.039583 0.072222
1 0.406250 0.587037 0.017708 0.033333
1 0.778906 0.830093 0.020313 0.039815
1 0.755990 0.215741 0.027604 0.050000
1 0.752604 0.178241 0.037500 0.039815
1 0.947135 0.800463 0.017188 0.045370
