1 0.066146 0.735648 0.043750 0.080556
1 0.105469 0.542130 0.028646 0.050926
1 0.207552 0.667130 0.031771 0.065741
1 0.345052 0.698148 0.039062 0.068519
1 0.345833 0.738889 0.035417 0.068519
1 0.288281 0.818056 0.024479 0.063889
1 0.127344 0.834722 0.036979 0.073148
1 0.020573 0.953704 0.033854 0.059259
1 0.325781 0.876852 0.029687 0.055556
1 0.751823 0.154630 0.031771 0.038889
1 0.754687 0.188889 0.028125 0.050000
1 0.915365 0.659259 0.034896 0.038889
1 0.778906 0.805093 0.020313 0.039815
1 0.947135 0.769444 0.020313 0.050000
