1 0.947656 0.744444 0.016146 0.051852
1 0.915885 0.635648 0.034896 0.043519
1 0.072135 0.712037 0.046354 0.075926
1 0.024219 0.926389 0.032813 0.058333
1 0.210156 0.643519 0.030729 0.059259
1 0.353385 0.717593 0.031771 0.062963
1 0.350000 0.671296 0.035417 0.062963
1 0.128906 0.810185 0.035937 0.070370
1 0.290625 0.796759 0.021875 0.062037
1 0.375260 0.818056 0.033854 0.032407
1 0.327083 0.851389 0.031250 0.054630
1 0.779948 0.781481 0.017188 0.044444
1 0.850000 0.902315 0.011458 0.036111
1 0.753646 0.167593 0.026042 0.050000
1 0.751563 0.131019 0.031250 0.043519
