1 0.011979 0.072222 0.022917 0.051852
1 0.076563 0.683333 0.040625 0.075926
1 0.133073 0.782870 0.034896 0.073148
1 0.028906 0.898611 0.033854 0.052778
1 0.215885 0.616667 0.033854 0.055556
1 0.355208 0.692130 0.033333 0.065741
1 0.353385 0.649074 0.039062 0.070370
1 0.331510 0.823148 0.032813 0.053704
1 0.378125 0.794907 0.038542 0.032407
1 0.292969 0.768981 0.024479 0.067593
1 0.414323 0.513426 0.020313 0.052778
1 0.754167 0.108796 0.032292 0.034259
1 0.757552 0.143056 0.026562 0.045370
1 0.782552 0.750000 0.017188 0.040741
1 0.916927 0.606944 0.032813 0.034259
1 0.949479 0.713426 0.016667 0.047222
