1 0.017708 0.051389 0.022917 0.056481
1 0.118490 0.468981 0.028646 0.045370
1 0.034115 0.874074 0.031771 0.050000
1 0.139583 0.760185 0.032292 0.072222
1 0.240104 0.956019 0.033333 0.065741
1 0.297396 0.745833 0.026042 0.063889
1 0.220833 0.595833 0.034375 0.062037
1 0.082031 0.659722 0.044271 0.076852
1 0.335677 0.798611 0.030729 0.060185
1 0.381771 0.773148 0.038542 0.035185
1 0.359115 0.667593 0.031771 0.062963
1 0.355990 0.625463 0.036979 0.075000
1 0.951042 0.692130 0.015625 0.047222
1 0.919010 0.585185 0.035937 0.031481
1 0.616406 0.729167 0.018229 0.080556
1 0.785417 0.730556 0.017708 0.040741
1 0.754687 0.088889 0.030208 0.033333
1 0.759635 0.122222 0.029687 0.050000
1 0.618490 0.265278 0.013021 0.028704
1 0.418229 0.485185 0.017708 0.050000
