1 0.020833 0.031019 0.026042 0.045370
1 0.123958 0.449537 0.025000 0.054630
1 0.086458 0.642130 0.045833 0.078704
1 0.038542 0.855093 0.031250 0.054630
1 0.224740 0.572685 0.032813 0.060185
1 0.362760 0.649074 0.029687 0.066667
1 0.361979 0.610185 0.036458 0.074074
1 0.340365 0.779167 0.030729 0.052778
1 0.304427 0.727315 0.023438 0.065741
1 0.245052 0.936574 0.033854 0.069444
1 0.144271 0.739352 0.037500 0.076852
1 0.387500 0.750463 0.039583 0.030556
1 0.830990 0.958333 0.027604 0.064815
1 0.953906 0.672685 0.015104 0.045370
1 0.922396 0.565278 0.033333 0.034259
1 0.789062 0.711111 0.017708 0.042593
1 0.758073 0.068519 0.027604 0.033333
1 0.764323 0.102315 0.025521 0.047222
