0 0.481771 0.239352 0.276042 0.476852
1 0.911979 0.583796 0.027083 0.047222
1 0.907292 0.484259 0.029167 0.050000
1 0.775260 0.644444 0.043229 0.064815
1 0.697656 0.732407 0.031771 0.083333
1 0.738021 0.776852 0.026042 0.062963
1 0.966406 0.111574 0.022396 0.037963
1 0.431510 0.621296 0.032813 0.046296
1 0.159896 0.798148 0.022917 0.038889
1 0.136979 0.665741 0.027083 0.048148
1 0.264583 0.446296 0.025000 0.038889
1 0.304427 0.080093 0.031771 0.052778
1 0.351042 0.210648 0.072917 0.069444
1 0.553906 0.446296 0.011979 0.035185
