1 0.127344 0.427778 0.027604 0.051852
1 0.090365 0.622685 0.042188 0.078704
1 0.228906 0.556481 0.030729 0.059259
1 0.308073 0.707407 0.022396 0.059259
1 0.365885 0.630093 0.033854 0.075000
1 0.365625 0.588889 0.037500 0.075926
1 0.043229 0.837963 0.032292 0.057407
1 0.248698 0.916667 0.035937 0.064815
1 0.343229 0.760185 0.031250 0.053704
1 0.391927 0.732870 0.042188 0.034259
1 0.147396 0.718056 0.031250 0.071296
1 0.834635 0.938889 0.033854 0.068519
1 0.957031 0.650926 0.016146 0.046296
1 0.792188 0.692593 0.017708 0.040741
1 0.926562 0.547685 0.035417 0.039815
1 0.762240 0.050463 0.033854 0.036111
1 0.766927 0.090278 0.030729 0.039815
1 0.860938 0.811574 0.007292 0.034259
