1 0.048698 0.818056 0.031771 0.062037
1 0.154427 0.704630 0.034896 0.075926
1 0.093750 0.607870 0.046875 0.078704
1 0.233854 0.537963 0.030208 0.061111
1 0.370573 0.614815 0.029687 0.075926
1 0.370312 0.576852 0.035417 0.079630
1 0.347917 0.743519 0.032292 0.061111
1 0.310417 0.692130 0.029167 0.067593
1 0.396615 0.715741 0.044271 0.035185
1 0.254167 0.900463 0.037500 0.063889
1 0.767708 0.035185 0.028125 0.031481
1 0.770573 0.070833 0.031771 0.043519
1 0.430208 0.433333 0.016667 0.050000
1 0.836198 0.922685 0.032813 0.065741
1 0.928906 0.532407 0.033854 0.031481
1 0.961979 0.635185 0.013542 0.050000
1 0.797396 0.677778 0.019792 0.050000
