1 0.135156 0.395833 0.028646 0.049074
1 0.099479 0.592130 0.042708 0.084259
1 0.051562 0.804630 0.032292 0.057407
1 0.155729 0.690741 0.032292 0.072222
1 0.237500 0.524074 0.037500 0.061111
1 0.241927 0.578241 0.027604 0.028704
1 0.374740 0.601389 0.032813 0.067593
1 0.372396 0.558333 0.036458 0.079630
1 0.353906 0.729630 0.032813 0.053704
1 0.400000 0.698148 0.040625 0.033333
1 0.315365 0.675926 0.024479 0.062963
1 0.257552 0.885185 0.036979 0.066667
1 0.261198 0.943519 0.031771 0.037037
1 0.770312 0.019444 0.029167 0.035185
1 0.775000 0.060648 0.028125 0.041667
1 0.801302 0.662037 0.017188 0.037037
1 0.933854 0.517130 0.033333 0.034259
1 0.965885 0.622685 0.014063 0.045370
1 0.433073 0.423148 0.019271 0.055556
