0 0.583073 0.800000 0.125521 0.394444
1 0.141146 0.384722 0.025000 0.047222
1 0.102344 0.579167 0.046354 0.075000
1 0.242708 0.512037 0.031250 0.059259
1 0.381510 0.585648 0.027604 0.065741
1 0.379427 0.546759 0.032813 0.073148
1 0.321094 0.667130 0.026562 0.065741
1 0.357031 0.716204 0.032813 0.062037
1 0.405729 0.688426 0.036458 0.034259
1 0.057292 0.785648 0.030208 0.050926
1 0.162500 0.679167 0.032292 0.076852
1 0.261719 0.873148 0.033854 0.068519
1 0.438542 0.406019 0.018750 0.054630
1 0.847656 0.895370 0.035937 0.074074
1 0.971094 0.609722 0.017188 0.050926
1 0.807292 0.647685 0.017708 0.045370
1 0.780208 0.040741 0.027083 0.048148
1 0.939063 0.504630 0.036458 0.037037
