0 0.590885 0.780093 0.133854 0.375000
1 0.110156 0.566667 0.045312 0.072222
1 0.145833 0.373611 0.028125 0.050926
1 0.246354 0.498611 0.035417 0.060185
1 0.167708 0.666204 0.033333 0.073148
1 0.061719 0.776389 0.030729 0.052778
1 0.362760 0.705556 0.031771 0.055556
1 0.411198 0.677315 0.039062 0.030556
1 0.386458 0.573148 0.033333 0.070370
1 0.383854 0.534722 0.037500 0.069444
1 0.326562 0.652315 0.022917 0.063889
1 0.268229 0.859259 0.033333 0.066667
1 0.272656 0.919907 0.031771 0.032407
1 0.945312 0.493519 0.033333 0.040741
1 0.809635 0.635185 0.019271 0.040741
1 0.854167 0.882870 0.032292 0.069444
1 0.975521 0.598611 0.015625 0.049074
1 0.784896 0.031019 0.027083 0.050926
1 0.444010 0.394444 0.019271 0.044444
