0 0.592969 0.770833 0.134896 0.393519
1 0.449479 0.384722 0.019792 0.056481
1 0.113542 0.556019 0.043750 0.076852
1 0.252083 0.487963 0.033333 0.059259
1 0.149740 0.362963 0.029687 0.051852
1 0.068229 0.767593 0.034375 0.059259
1 0.171094 0.652778 0.030729 0.072222
1 0.329688 0.640278 0.022917 0.063889
1 0.368229 0.693519 0.032292 0.064815
1 0.390365 0.566667 0.030729 0.072222
1 0.387240 0.521296 0.033854 0.062963
1 0.413802 0.663889 0.038021 0.035185
1 0.273438 0.849074 0.036458 0.068519
1 0.278385 0.906481 0.033854 0.033333
