0 0.596094 0.763889 0.129688 0.388889
1 0.451042 0.372685 0.016667 0.052778
1 0.253646 0.475463 0.034375 0.060185
1 0.151823 0.352315 0.029687 0.050926
1 0.116146 0.543519 0.043750 0.074074
1 0.392969 0.551389 0.033854 0.069444
1 0.389583 0.513889 0.034375 0.068519
1 0.068229 0.755093 0.031250 0.050926
1 0.174479 0.643056 0.031250 0.075000
1 0.276042 0.836111 0.035417 0.064815
1 0.370573 0.676852 0.029687 0.055556
1 0.331510 0.630093 0.024479 0.062037
1 0.416146 0.651389 0.040625 0.032407
1 0.280990 0.892593 0.032813 0.027778
1 0.860156 0.860185 0.029687 0.066667
1 0.817448 0.615741 0.019271 0.038889
1 0.950521 0.468981 0.035417 0.039815
1 0.983073 0.573148 0.017188 0.048148
