0 0.597656 0.746296 0.135937 0.381481
1 0.116927 0.532407 0.042188 0.083333
1 0.453385 0.357870 0.021354 0.052778
1 0.256771 0.462963 0.030208 0.059259
1 0.154688 0.338426 0.030208 0.047222
1 0.394792 0.538889 0.031250 0.074074
1 0.391667 0.500926 0.034375 0.072222
1 0.072135 0.742593 0.034896 0.053704
1 0.175260 0.628241 0.031771 0.075000
1 0.417969 0.639815 0.039062 0.035185
1 0.371354 0.667593 0.032292 0.062963
1 0.334896 0.611574 0.025000 0.067593
1 0.258854 0.515278 0.028125 0.034259
1 0.278125 0.824074 0.036458 0.072222
1 0.282552 0.881481 0.032813 0.035185
1 0.864062 0.846759 0.028125 0.069444
1 0.818750 0.600463 0.017708 0.045370
1 0.954948 0.455556 0.034896 0.033333
1 0.985156 0.561574 0.017188 0.054630
