0 0.592187 0.715741 0.138542 0.377778
1 0.154948 0.321296 0.026562 0.048148
1 0.118229 0.512500 0.042708 0.080556
1 0.257031 0.451389 0.038021 0.063889
1 0.394010 0.525463 0.030729 0.080556
1 0.391146 0.484259 0.036458 0.083333
1 0.371094 0.654630 0.035937 0.062963
1 0.333333 0.602315 0.026042 0.067593
1 0.176823 0.614352 0.036979 0.073148
1 0.071354 0.723148 0.029167 0.051852
1 0.417187 0.627778 0.037500 0.035185
1 0.279427 0.806019 0.038021 0.063889
1 0.452344 0.344444 0.017188 0.050000
1 0.860938 0.829630 0.028125 0.062963
1 0.984115 0.548148 0.016146 0.048148
1 0.953385 0.443981 0.035937 0.034259
1 0.818229 0.587963 0.018750 0.038889
1 0.786719 0.973611 0.025521 0.052778
