0 0.594792 0.693981 0.132292 0.358333
1 0.451562 0.331481 0.020833 0.051852
1 0.255990 0.438889 0.034896 0.068519
1 0.120313 0.505556 0.045833 0.085185
1 0.155990 0.312963 0.027604 0.050000
1 0.394010 0.512963 0.031771 0.075926
1 0.391146 0.472685 0.028125 0.069444
1 0.370312 0.641667 0.032292 0.051852
1 0.419531 0.613426 0.042188 0.034259
1 0.332813 0.587500 0.023958 0.069444
1 0.176563 0.599537 0.030208 0.071296
1 0.071615 0.710185 0.029687 0.057407
1 0.278906 0.794907 0.039062 0.065741
1 0.282552 0.854630 0.027604 0.037037
1 0.651302 0.116204 0.014063 0.028704
1 0.953906 0.428241 0.034896 0.034259
1 0.984375 0.533333 0.015625 0.051852
1 0.818229 0.573611 0.018750 0.037963
1 0.887760 0.962037 0.029687 0.057407
1 0.785156 0.962500 0.022396 0.050926
1 0.860156 0.819907 0.029687 0.069444
1 0.885677 0.694907 0.008854 0.036111
