0 0.473698 0.252778 0.292187 0.503704
1 0.297917 0.089815 0.036458 0.057407
1 0.344792 0.221759 0.078125 0.071296
1 0.959635 0.125463 0.023438 0.045370
1 0.906510 0.599074 0.027604 0.048148
1 0.901823 0.497222 0.033854 0.053704
1 0.730990 0.789352 0.032813 0.069444
1 0.769531 0.660185 0.044271 0.070370
1 0.422917 0.636111 0.034375 0.044444
1 0.467969 0.487963 0.043229 0.025926
1 0.691146 0.745833 0.033333 0.087963
1 0.639844 0.034259 0.032813 0.062963
1 0.830990 0.234722 0.024479 0.060185
1 0.154167 0.811574 0.021875 0.034259
1 0.675521 0.891204 0.088542 0.143519
1 0.548698 0.461111 0.008854 0.031481
