0 0.594271 0.680556 0.129167 0.337037
1 0.156250 0.299074 0.026042 0.053704
1 0.258594 0.423611 0.035937 0.056481
1 0.120833 0.486574 0.041667 0.073148
1 0.178125 0.585648 0.032292 0.069444
1 0.395313 0.497222 0.032292 0.075926
1 0.073438 0.695370 0.031250 0.057407
1 0.373437 0.622685 0.031250 0.060185
1 0.334635 0.573611 0.025521 0.065741
1 0.419792 0.597685 0.036458 0.030556
1 0.279427 0.777315 0.039062 0.065741
1 0.284375 0.838426 0.032292 0.039815
1 0.784635 0.941667 0.025521 0.051852
1 0.886719 0.949537 0.032813 0.056481
1 0.859896 0.801852 0.030208 0.064815
1 0.949740 0.418519 0.033854 0.035185
1 0.981250 0.518519 0.019792 0.051852
1 0.816927 0.559259 0.018229 0.038889
1 0.453125 0.320833 0.019792 0.054630
1 0.260417 0.476852 0.027083 0.022222
