0 0.597135 0.664815 0.136979 0.337037
1 0.454427 0.300000 0.022396 0.057407
1 0.258594 0.399537 0.029687 0.056481
1 0.120313 0.462500 0.041667 0.075000
1 0.156771 0.280556 0.029167 0.046296
1 0.395052 0.475926 0.031771 0.070370
1 0.394010 0.438426 0.031771 0.075000
1 0.372396 0.601852 0.029167 0.057407
1 0.418490 0.575926 0.036979 0.033333
1 0.336458 0.554167 0.025000 0.062037
1 0.074219 0.675926 0.027604 0.057407
1 0.178906 0.565278 0.034896 0.076852
1 0.280208 0.756944 0.035417 0.060185
1 0.385677 0.964815 0.026562 0.055556
1 0.115365 0.954630 0.017188 0.075926
1 0.785156 0.925000 0.023438 0.053704
1 0.888021 0.928704 0.036458 0.061111
1 0.858073 0.778704 0.031771 0.064815
1 0.816667 0.536574 0.021875 0.036111
1 0.982031 0.498611 0.019271 0.045370
1 0.948698 0.393519 0.029687 0.042593
