0 0.600260 0.647685 0.130729 0.332407
1 0.453125 0.283796 0.020833 0.060185
1 0.395052 0.461574 0.033854 0.076852
1 0.391927 0.417130 0.033854 0.069444
1 0.257031 0.384259 0.032813 0.061111
1 0.120313 0.449074 0.045833 0.075926
1 0.076042 0.657407 0.031250 0.053704
1 0.179688 0.552315 0.033333 0.075000
1 0.372396 0.591667 0.035417 0.061111
1 0.336458 0.539352 0.023958 0.062037
1 0.418490 0.561111 0.036979 0.033333
1 0.280729 0.742130 0.033333 0.062037
1 0.283594 0.800926 0.028646 0.037037
1 0.886719 0.908796 0.035937 0.050926
1 0.784635 0.909259 0.024479 0.050000
1 0.859115 0.765741 0.027604 0.066667
1 0.816406 0.523611 0.020313 0.037963
1 0.981250 0.480093 0.017708 0.047222
1 0.949479 0.380556 0.033333 0.038889
