0 0.591667 0.631019 0.135417 0.332407
1 0.255469 0.370833 0.035937 0.058333
1 0.117448 0.437500 0.045312 0.076852
1 0.153906 0.247685 0.030729 0.049074
1 0.391667 0.449074 0.030208 0.081481
1 0.391667 0.406944 0.031250 0.073148
1 0.450781 0.268981 0.017188 0.054630
1 0.175260 0.535648 0.032813 0.076852
1 0.370312 0.578704 0.030208 0.057407
1 0.416667 0.549074 0.037500 0.033333
1 0.073177 0.645833 0.038021 0.058333
1 0.276823 0.726852 0.034896 0.062963
1 0.280990 0.785185 0.028646 0.031481
1 0.110156 0.922685 0.021354 0.080556
1 0.383594 0.940741 0.021354 0.053704
1 0.332813 0.525463 0.025000 0.060185
1 0.857552 0.752315 0.032813 0.060185
1 0.782292 0.893519 0.022917 0.061111
1 0.885417 0.895370 0.034375 0.057407
1 0.947656 0.363426 0.036979 0.030556
1 0.978125 0.467130 0.021875 0.050926
