0 0.586458 0.626389 0.130208 0.341667
1 0.150781 0.233796 0.030729 0.056481
1 0.115885 0.423611 0.042188 0.080556
1 0.172656 0.523148 0.031771 0.075926
1 0.251042 0.360185 0.030208 0.061111
1 0.448698 0.256019 0.021354 0.062037
1 0.330208 0.511111 0.023958 0.064815
1 0.068229 0.629630 0.033333 0.053704
1 0.366667 0.562500 0.034375 0.065741
1 0.412760 0.537037 0.040104 0.038889
1 0.390104 0.435185 0.030208 0.074074
1 0.386458 0.396759 0.034375 0.069444
1 0.254167 0.416204 0.027083 0.021296
1 0.810937 0.497222 0.014583 0.042593
1 0.944271 0.353704 0.036458 0.035185
1 0.977865 0.454167 0.016146 0.045370
1 0.778385 0.882407 0.023438 0.051852
1 0.881771 0.884722 0.035417 0.065741
1 0.854167 0.741667 0.028125 0.062963
