0 0.583854 0.600463 0.129167 0.347222
1 0.444010 0.243519 0.019271 0.057407
1 0.248438 0.345833 0.034375 0.060185
1 0.107813 0.410648 0.045833 0.078704
1 0.166927 0.509259 0.030729 0.079630
1 0.060417 0.615741 0.028125 0.050000
1 0.324740 0.498611 0.025521 0.065741
1 0.363021 0.547222 0.036458 0.061111
1 0.383594 0.420370 0.027604 0.075926
1 0.382031 0.379167 0.030729 0.063889
1 0.408594 0.522222 0.035937 0.031481
1 0.373177 0.912500 0.026562 0.058333
1 0.268490 0.703241 0.036979 0.062037
1 0.099479 0.897222 0.019792 0.066667
1 0.776563 0.869444 0.025000 0.050000
1 0.876563 0.871296 0.036458 0.061111
1 0.849740 0.725926 0.028646 0.057407
1 0.808333 0.485648 0.019792 0.039815
1 0.972656 0.441204 0.020313 0.049074
1 0.941406 0.338426 0.036979 0.030556
