0 0.584896 0.584722 0.127083 0.330556
1 0.438021 0.224537 0.019792 0.060185
1 0.241667 0.325463 0.033333 0.060185
1 0.103125 0.393981 0.042708 0.080556
1 0.160938 0.491667 0.036458 0.074074
1 0.056250 0.599537 0.034375 0.060185
1 0.355469 0.534259 0.034896 0.061111
1 0.381510 0.406481 0.031771 0.075926
1 0.318490 0.482407 0.022396 0.064815
1 0.375521 0.364815 0.035417 0.064815
1 0.091927 0.886574 0.015104 0.073148
1 0.262240 0.687037 0.039062 0.064815
1 0.265885 0.745833 0.031771 0.041667
1 0.369271 0.898148 0.025000 0.055556
1 0.770312 0.854167 0.022917 0.050926
1 0.873958 0.857870 0.033333 0.054630
1 0.845052 0.712500 0.029687 0.058333
1 0.969531 0.425463 0.017188 0.045370
1 0.804688 0.468519 0.019792 0.038889
1 0.936198 0.323611 0.034896 0.032407
