0 0.573698 0.573148 0.132812 0.335185
1 0.097396 0.376852 0.039583 0.068519
1 0.050521 0.587963 0.038542 0.053704
1 0.234896 0.314352 0.036458 0.056481
1 0.374219 0.391667 0.034896 0.077778
1 0.372396 0.352315 0.035417 0.069444
1 0.352083 0.521296 0.034375 0.061111
1 0.397917 0.493519 0.039583 0.035185
1 0.154427 0.481019 0.031771 0.071296
1 0.363802 0.885185 0.025521 0.055556
1 0.086458 0.870833 0.018750 0.069444
1 0.258073 0.673611 0.034896 0.062037
1 0.259896 0.731019 0.031250 0.032407
1 0.313021 0.469444 0.023958 0.062963
1 0.868490 0.845370 0.032813 0.055556
1 0.766146 0.838889 0.020833 0.048148
1 0.841667 0.695370 0.031250 0.062963
1 0.798177 0.456944 0.020313 0.043519
1 0.965104 0.412963 0.016667 0.044444
1 0.932292 0.311574 0.037500 0.032407
