0 0.562500 0.525000 0.121875 0.296296
1 0.360677 0.365741 0.034896 0.081481
1 0.359375 0.324074 0.032292 0.070370
1 0.221094 0.287037 0.035937 0.059259
1 0.084375 0.353241 0.042708 0.075000
1 0.035937 0.557407 0.034375 0.059259
1 0.141667 0.454167 0.031250 0.073148
1 0.335677 0.489352 0.032813 0.049074
1 0.383333 0.464352 0.035417 0.034259
1 0.300000 0.442593 0.023958 0.064815
1 0.348177 0.854630 0.024479 0.050000
1 0.072656 0.840278 0.014063 0.075000
1 0.242448 0.643981 0.034896 0.063889
1 0.247656 0.702778 0.029687 0.040741
1 0.749219 0.808796 0.024479 0.054630
1 0.861198 0.934259 0.033854 0.068519
1 0.854427 0.815278 0.039062 0.054630
1 0.823958 0.670370 0.029167 0.050000
1 0.917448 0.285648 0.036979 0.036111
1 0.947396 0.386574 0.019792 0.043519
