0 0.467187 0.257870 0.284375 0.513889
1 0.902344 0.613889 0.028646 0.046296
1 0.296094 0.103704 0.038021 0.048148
1 0.338281 0.236574 0.082812 0.063889
1 0.635417 0.048611 0.036458 0.060185
1 0.896094 0.512500 0.029687 0.050926
1 0.956510 0.140278 0.023438 0.039815
1 0.728646 0.802778 0.036458 0.075926
1 0.688542 0.762963 0.033333 0.085185
1 0.419271 0.651389 0.036458 0.050926
1 0.466146 0.507407 0.041667 0.031481
1 0.600000 0.381481 0.055208 0.094444
1 0.122656 0.693981 0.027604 0.052778
1 0.251823 0.477778 0.027604 0.046296
1 0.767969 0.679167 0.046354 0.069444
1 0.725521 0.491667 0.027083 0.059259
1 0.545833 0.478241 0.010417 0.028704
