0 0.553646 0.502778 0.122917 0.300000
1 0.076302 0.337500 0.046354 0.084259
1 0.292448 0.424074 0.020313 0.062963
1 0.216927 0.273611 0.030729 0.060185
1 0.115104 0.148148 0.032292 0.050000
1 0.031771 0.543056 0.039583 0.060185
1 0.136198 0.438889 0.030729 0.079630
1 0.330729 0.476852 0.033333 0.064815
1 0.236458 0.632870 0.036458 0.067593
1 0.350781 0.307870 0.034896 0.063889
1 0.353906 0.352778 0.038021 0.083333
1 0.377344 0.450926 0.034896 0.031481
1 0.741146 0.795370 0.021875 0.053704
1 0.817187 0.653704 0.029167 0.048148
1 0.845573 0.798611 0.038021 0.060185
1 0.855729 0.917130 0.036458 0.073148
1 0.938021 0.367130 0.019792 0.043519
1 0.908854 0.272685 0.036458 0.030556
