0 0.550000 0.515741 0.122917 0.335185
1 0.072656 0.325926 0.041146 0.077778
1 0.211979 0.262500 0.035417 0.060185
1 0.110156 0.137963 0.024479 0.051852
1 0.345313 0.339815 0.032292 0.083333
1 0.343229 0.299537 0.033333 0.067593
1 0.326823 0.465278 0.032813 0.058333
1 0.370833 0.437963 0.034375 0.033333
1 0.288542 0.417593 0.025000 0.061111
1 0.130990 0.426852 0.034896 0.070370
1 0.025000 0.532870 0.031250 0.054630
1 0.339583 0.826389 0.029167 0.049074
1 0.230208 0.617130 0.034375 0.060185
1 0.063281 0.810648 0.018229 0.076852
1 0.738281 0.782870 0.024479 0.054630
1 0.840625 0.785185 0.037500 0.053704
1 0.811719 0.641204 0.028646 0.056481
1 0.935156 0.358333 0.015104 0.038889
1 0.904948 0.261111 0.032813 0.037037
1 0.850781 0.903704 0.041146 0.062963
