0 0.542448 0.509722 0.129688 0.337963
1 0.106510 0.126852 0.027604 0.051852
1 0.071094 0.314815 0.044271 0.079630
1 0.209635 0.253241 0.033854 0.060185
1 0.345573 0.331019 0.029687 0.076852
1 0.343490 0.291667 0.038021 0.070370
1 0.321354 0.453704 0.029167 0.046296
1 0.284635 0.404630 0.023438 0.059259
1 0.126302 0.415278 0.034896 0.069444
1 0.022656 0.519907 0.028646 0.058333
1 0.229687 0.606019 0.037500 0.062037
1 0.230729 0.663426 0.023958 0.032407
1 0.333073 0.816667 0.026562 0.044444
1 0.730990 0.771759 0.019271 0.050926
1 0.832552 0.773148 0.032813 0.059259
1 0.803385 0.630093 0.030729 0.060185
1 0.927865 0.349074 0.020313 0.048148
1 0.897917 0.250926 0.035417 0.038889
1 0.765104 0.393981 0.018750 0.039815
