0 0.536719 0.488426 0.121354 0.328704
1 0.100521 0.110648 0.031250 0.054630
1 0.064583 0.301852 0.042708 0.077778
1 0.203125 0.237500 0.037500 0.063889
1 0.122917 0.401389 0.034375 0.071296
1 0.018490 0.502315 0.031771 0.058333
1 0.280469 0.390278 0.026562 0.063889
1 0.316146 0.441667 0.033333 0.062963
1 0.361719 0.414815 0.040104 0.040741
1 0.221615 0.593519 0.038021 0.061111
1 0.225521 0.646759 0.031250 0.030556
1 0.055208 0.784259 0.023958 0.079630
1 0.326562 0.797685 0.027083 0.058333
1 0.725781 0.756019 0.024479 0.049074
1 0.798958 0.613889 0.030208 0.057407
1 0.826823 0.757870 0.035937 0.054630
1 0.758073 0.380556 0.016146 0.042593
1 0.894531 0.237500 0.035937 0.034259
1 0.922656 0.334259 0.018229 0.046296
1 0.984375 0.164352 0.028125 0.049074
1 0.835417 0.877778 0.040625 0.074074
