0 0.513021 0.506481 0.139583 0.505556
1 0.047656 0.263426 0.042188 0.075000
1 0.184115 0.201852 0.028646 0.059259
1 0.321354 0.278241 0.031250 0.086111
1 0.318229 0.243056 0.035417 0.073148
1 0.297656 0.400926 0.028646 0.048148
1 0.261458 0.355093 0.025000 0.063889
1 0.102604 0.362963 0.034375 0.075926
1 0.201563 0.556481 0.036458 0.062963
1 0.082812 0.072222 0.030208 0.053704
1 0.308594 0.762500 0.029687 0.049074
1 0.036458 0.744444 0.017708 0.074074
1 0.706771 0.717593 0.022917 0.048148
1 0.820312 0.841204 0.038542 0.073148
1 0.809635 0.720833 0.033854 0.058333
1 0.781250 0.579630 0.027083 0.048148
1 0.904948 0.296296 0.019271 0.044444
1 0.743490 0.342130 0.019271 0.043519
