0 0.510417 0.518056 0.135417 0.486111
1 0.042448 0.258333 0.045312 0.077778
1 0.180990 0.191204 0.029687 0.069444
1 0.319010 0.274537 0.032813 0.086111
1 0.294010 0.397222 0.034896 0.044444
1 0.257812 0.349074 0.019792 0.061111
1 0.031510 0.736574 0.017188 0.067593
1 0.304167 0.754630 0.027083 0.050000
1 0.701562 0.711111 0.025000 0.046296
1 0.776302 0.574074 0.030729 0.053704
1 0.805990 0.712963 0.031771 0.059259
1 0.816406 0.833333 0.036979 0.066667
1 0.868750 0.196296 0.035417 0.035185
1 0.899219 0.291204 0.014063 0.050926
1 0.962760 0.118056 0.027604 0.037963
1 0.098437 0.360648 0.039583 0.080556
1 0.203125 0.548611 0.038542 0.054630
