0 0.512500 0.504167 0.131250 0.486111
1 0.040885 0.243519 0.042188 0.074074
1 0.175781 0.181481 0.030729 0.057407
1 0.313542 0.259722 0.032292 0.080556
1 0.310677 0.222685 0.031771 0.073148
1 0.289583 0.384259 0.032292 0.055556
1 0.254167 0.336111 0.022917 0.064815
1 0.096354 0.344444 0.036458 0.070370
1 0.701562 0.702778 0.022917 0.050000
1 0.804167 0.698611 0.033333 0.058333
1 0.773177 0.562500 0.030729 0.056481
1 0.866927 0.183796 0.033854 0.036111
1 0.959115 0.107870 0.027604 0.039815
1 0.302865 0.745833 0.031771 0.049074
1 0.195312 0.535648 0.036458 0.056481
1 0.813542 0.819907 0.036458 0.073148
