0 0.507031 0.495370 0.141146 0.470370
1 0.038542 0.238426 0.045833 0.080556
1 0.174219 0.172222 0.035937 0.059259
1 0.313021 0.253704 0.033333 0.081481
1 0.309896 0.211574 0.034375 0.063889
1 0.250781 0.328241 0.020313 0.062037
1 0.288021 0.375000 0.032292 0.051852
1 0.336198 0.351852 0.035937 0.029630
1 0.195052 0.525926 0.029687 0.057407
1 0.198437 0.587037 0.025000 0.040741
1 0.095312 0.337963 0.040625 0.072222
1 0.024479 0.714352 0.017708 0.075000
1 0.300260 0.731481 0.028646 0.048148
1 0.697917 0.689815 0.025000 0.048148
1 0.810417 0.812500 0.032292 0.076852
1 0.800260 0.693519 0.033854 0.051852
1 0.772396 0.553241 0.028125 0.050926
1 0.732812 0.313889 0.016667 0.042593
1 0.862760 0.171759 0.038021 0.034259
1 0.893490 0.268519 0.017188 0.050000
1 0.955469 0.099074 0.026562 0.040741
1 0.980208 0.341204 0.013542 0.058333
