0 0.452344 0.265741 0.303646 0.529630
1 0.412500 0.666204 0.039583 0.049074
1 0.894271 0.531944 0.029167 0.049074
1 0.760417 0.693981 0.046875 0.067593
1 0.898958 0.633796 0.027083 0.039815
1 0.723177 0.816204 0.032813 0.076852
1 0.682552 0.784259 0.034896 0.085185
1 0.721615 0.509259 0.027604 0.064815
1 0.538802 0.494444 0.010937 0.035185
1 0.459635 0.524074 0.039062 0.027778
1 0.631250 0.065278 0.039583 0.065741
1 0.952865 0.154630 0.021354 0.038889
1 0.336198 0.248611 0.079687 0.060185
1 0.287240 0.121296 0.033854 0.055556
1 0.851042 0.161574 0.017708 0.034259
1 0.822396 0.268519 0.028125 0.061111
