0 0.500781 0.480556 0.138021 0.477778
1 0.035677 0.224074 0.045312 0.077778
1 0.174219 0.163426 0.032813 0.065741
1 0.091927 0.323148 0.033854 0.072222
1 0.251823 0.314352 0.021354 0.063889
1 0.310156 0.238426 0.032813 0.082407
1 0.307812 0.198611 0.039583 0.071296
1 0.285677 0.358796 0.031771 0.054630
1 0.192448 0.515741 0.033854 0.061111
1 0.298177 0.720370 0.026562 0.053704
1 0.695573 0.676389 0.023438 0.049074
1 0.806771 0.798611 0.032292 0.078704
1 0.796094 0.681944 0.031771 0.060185
1 0.769792 0.537963 0.031250 0.048148
1 0.953385 0.088426 0.027604 0.036111
1 0.861198 0.160185 0.033854 0.033333
1 0.890885 0.255093 0.016146 0.043519
1 0.976562 0.328241 0.017708 0.056481
