0 0.500781 0.459259 0.145313 0.487037
1 0.034896 0.211111 0.041667 0.083333
1 0.092448 0.309722 0.036979 0.067593
1 0.170573 0.147222 0.042188 0.062963
1 0.308333 0.225926 0.034375 0.081481
1 0.304427 0.183333 0.036979 0.066667
1 0.247917 0.302315 0.021875 0.069444
1 0.283073 0.350000 0.035937 0.055556
1 0.329688 0.324537 0.035417 0.037963
1 0.191146 0.497222 0.038542 0.059259
1 0.023177 0.684259 0.016146 0.072222
1 0.195052 0.552315 0.031771 0.030556
1 0.806510 0.781944 0.042188 0.073148
1 0.691667 0.657870 0.022917 0.047222
1 0.792708 0.658333 0.034375 0.055556
1 0.765885 0.525000 0.030729 0.051852
1 0.856771 0.146296 0.034375 0.033333
1 0.948438 0.073611 0.027083 0.039815
