0 0.490104 0.450000 0.142708 0.470370
1 0.033073 0.200926 0.043229 0.075926
1 0.171354 0.138889 0.037500 0.064815
1 0.304427 0.216667 0.034896 0.083333
1 0.302604 0.179167 0.034375 0.062037
1 0.282292 0.339352 0.030208 0.050926
1 0.090625 0.300000 0.032292 0.072222
1 0.246094 0.290741 0.023438 0.057407
1 0.294271 0.693056 0.025000 0.050926
1 0.189323 0.490278 0.036979 0.056481
1 0.688281 0.651389 0.021354 0.050926
1 0.789062 0.649537 0.032292 0.062037
1 0.761198 0.513426 0.030729 0.054630
1 0.800260 0.768519 0.032813 0.070370
1 0.854167 0.138889 0.029167 0.033333
1 0.943490 0.060185 0.028646 0.044444
1 0.721615 0.277315 0.017188 0.032407
1 0.777344 0.433333 0.023438 0.031481
1 0.789062 0.394444 0.011458 0.035185
