0 0.492969 0.442593 0.143229 0.472222
1 0.035417 0.191667 0.040625 0.072222
1 0.170313 0.130093 0.032292 0.063889
1 0.306510 0.211111 0.030729 0.087037
1 0.304167 0.166667 0.033333 0.062963
1 0.282813 0.326852 0.033333 0.061111
1 0.246615 0.280093 0.022396 0.060185
1 0.189844 0.476389 0.031771 0.054630
1 0.195052 0.530556 0.028646 0.042593
1 0.295312 0.678704 0.025000 0.050000
1 0.022656 0.660185 0.013021 0.070370
1 0.566146 0.966667 0.033333 0.057407
1 0.686198 0.634259 0.022396 0.053704
1 0.796615 0.752315 0.032813 0.071296
1 0.788021 0.637037 0.036458 0.050000
1 0.759896 0.498611 0.032292 0.050926
1 0.851302 0.126852 0.033854 0.031481
1 0.880208 0.220833 0.015625 0.043519
1 0.721875 0.268981 0.020833 0.043519
1 0.776302 0.422685 0.024479 0.036111
0 0.450000 0.762500 0.273958 0.452778
