0 0.501823 0.436111 0.130729 0.470370
0 0.454948 0.760185 0.274479 0.459259
1 0.039583 0.182407 0.044792 0.072222
1 0.763021 0.492130 0.028125 0.050926
1 0.569010 0.960648 0.030729 0.056481
1 0.297917 0.673611 0.022917 0.056481
1 0.286979 0.319444 0.028125 0.051852
1 0.172135 0.119444 0.035937 0.064815
1 0.689323 0.628241 0.022396 0.052778
1 0.791927 0.629630 0.039062 0.059259
1 0.249479 0.271296 0.018750 0.062963
1 0.307812 0.196296 0.029167 0.081481
1 0.305729 0.160185 0.033333 0.068519
1 0.027083 0.649074 0.019792 0.083333
1 0.192188 0.467593 0.033333 0.057407
1 0.198437 0.520833 0.029167 0.030556
1 0.855208 0.115741 0.033333 0.037037
1 0.881771 0.215278 0.014583 0.043519
1 0.945312 0.039815 0.028125 0.051852
1 0.724479 0.260185 0.018750 0.042593
1 0.965885 0.280556 0.015104 0.055556
1 0.095052 0.277315 0.035937 0.080556
