0 0.500000 0.431481 0.133333 0.485185
0 0.445833 0.756019 0.288542 0.458333
1 0.039583 0.176389 0.042708 0.078704
1 0.175781 0.113426 0.034896 0.056481
1 0.177604 0.173611 0.028125 0.025000
1 0.096094 0.275926 0.031771 0.075926
1 0.252083 0.265278 0.021875 0.071296
1 0.193229 0.462500 0.035417 0.058333
1 0.286458 0.311574 0.030208 0.049074
1 0.309115 0.194907 0.030729 0.082407
1 0.309896 0.152315 0.034375 0.063889
1 0.300000 0.665741 0.023958 0.053704
1 0.027344 0.643519 0.018229 0.074074
1 0.946354 0.039352 0.025000 0.039815
1 0.855990 0.112037 0.032813 0.029630
1 0.885677 0.209722 0.016146 0.039815
1 0.724219 0.254630 0.021354 0.040741
1 0.691146 0.622222 0.021875 0.057407
1 0.764323 0.487963 0.028646 0.053704
1 0.791667 0.620370 0.032292 0.055556
1 0.802865 0.742593 0.033854 0.070370
1 0.956771 0.410648 0.031250 0.054630
1 0.969792 0.275926 0.021875 0.059259
1 0.569531 0.957870 0.031771 0.063889
