0 0.504948 0.421759 0.138021 0.475000
0 0.460677 0.746296 0.268229 0.462963
1 0.045573 0.172685 0.043229 0.076852
1 0.178385 0.110185 0.033854 0.061111
1 0.099740 0.269444 0.032813 0.070370
1 0.291406 0.307870 0.031771 0.052778
1 0.255990 0.264352 0.026562 0.063889
1 0.313802 0.190278 0.029687 0.082407
1 0.312500 0.150000 0.030208 0.055556
1 0.199740 0.455556 0.036979 0.053704
1 0.202865 0.511111 0.027604 0.035185
1 0.033854 0.641204 0.018750 0.076852
1 0.304167 0.660185 0.026042 0.048148
1 0.805729 0.736111 0.036458 0.066667
1 0.693750 0.618056 0.021875 0.045370
1 0.792969 0.618981 0.033854 0.058333
1 0.959115 0.404630 0.032813 0.044444
1 0.767188 0.481019 0.030208 0.054630
1 0.885677 0.202315 0.015104 0.037963
1 0.946094 0.034259 0.026562 0.040741
1 0.572917 0.948148 0.036458 0.050000
