0 0.500781 0.420833 0.138021 0.471296
0 0.462500 0.747222 0.260417 0.455556
1 0.047656 0.176389 0.043229 0.078704
1 0.182292 0.112500 0.032292 0.060185
1 0.184896 0.165278 0.027083 0.023148
1 0.104167 0.271296 0.033333 0.068519
1 0.315885 0.191667 0.029687 0.085185
1 0.315885 0.151389 0.031771 0.056481
1 0.295312 0.309259 0.033333 0.053704
1 0.257812 0.264352 0.025000 0.060185
1 0.201563 0.456481 0.038542 0.062963
1 0.207292 0.511574 0.030208 0.030556
1 0.307292 0.660648 0.022917 0.045370
1 0.036979 0.640278 0.013542 0.076852
1 0.946875 0.036111 0.027083 0.044444
1 0.859635 0.108796 0.032813 0.034259
1 0.888281 0.203704 0.015104 0.040741
1 0.767969 0.478241 0.029687 0.049074
1 0.695312 0.617130 0.022917 0.047222
1 0.795573 0.616204 0.033854 0.062037
1 0.806510 0.731944 0.039062 0.073148
1 0.962240 0.403241 0.030729 0.050926
1 0.575260 0.943981 0.034896 0.056481
