0 0.514323 0.417130 0.138021 0.465741
0 0.475521 0.738889 0.263542 0.457407
1 0.063542 0.169907 0.042708 0.071296
1 0.332031 0.186574 0.031771 0.082407
1 0.328385 0.144907 0.027604 0.063889
1 0.119531 0.269907 0.031771 0.073148
1 0.018229 0.363426 0.026042 0.052778
1 0.272396 0.259722 0.022917 0.060185
1 0.308333 0.306481 0.030208 0.051852
1 0.221875 0.505093 0.029167 0.026852
1 0.219010 0.450926 0.035937 0.057407
1 0.321094 0.649074 0.024479 0.044444
1 0.055990 0.635185 0.020313 0.066667
1 0.949740 0.028241 0.028646 0.043519
1 0.863802 0.103704 0.031771 0.031481
1 0.893750 0.195370 0.014583 0.044444
1 0.775781 0.469444 0.029687 0.051852
1 0.706771 0.603241 0.022917 0.047222
1 0.794010 0.392130 0.021354 0.032407
1 0.817448 0.718056 0.036979 0.063889
1 0.805208 0.604167 0.031250 0.056481
1 0.196354 0.110648 0.038542 0.071296
1 0.200000 0.165741 0.029167 0.024074
1 0.589844 0.926852 0.031771 0.050000
