0 0.441667 0.280556 0.318750 0.533333
1 0.627865 0.081481 0.038021 0.068519
1 0.949479 0.174074 0.021875 0.046296
1 0.984896 0.022685 0.019792 0.043519
1 0.756510 0.712500 0.044271 0.071296
1 0.889583 0.548148 0.030208 0.057407
1 0.892188 0.651852 0.032292 0.053704
1 0.717969 0.833796 0.034896 0.082407
1 0.677344 0.799074 0.032813 0.083333
1 0.714583 0.528241 0.026042 0.060185
1 0.327083 0.269907 0.079167 0.062037
1 0.280469 0.136574 0.034896 0.060185
1 0.408854 0.687037 0.036458 0.057407
1 0.454948 0.541204 0.043229 0.034259
1 0.816406 0.283796 0.028646 0.062037
1 0.109896 0.731944 0.030208 0.050926
1 0.533073 0.510185 0.011979 0.037037
1 0.845573 0.620833 0.017188 0.045370
