0 0.517448 0.406481 0.141146 0.477778
0 0.478906 0.735648 0.261979 0.475000
1 0.070312 0.171759 0.039583 0.078704
1 0.023438 0.363426 0.029167 0.054630
1 0.200000 0.108333 0.032292 0.055556
1 0.332292 0.186111 0.029167 0.083333
1 0.331771 0.148148 0.034375 0.057407
1 0.276302 0.256944 0.023438 0.062037
1 0.312760 0.300926 0.031771 0.048148
1 0.355208 0.277778 0.032292 0.037037
1 0.124219 0.266667 0.029687 0.066667
1 0.222135 0.448148 0.034896 0.055556
1 0.225000 0.499537 0.033333 0.028704
1 0.323437 0.643056 0.023958 0.052778
1 0.058594 0.629630 0.011979 0.070370
1 0.738542 0.239815 0.016667 0.033333
1 0.708854 0.597222 0.019792 0.050000
1 0.778906 0.462963 0.029687 0.044444
1 0.863542 0.101389 0.032292 0.028704
1 0.951562 0.025926 0.022917 0.035185
1 0.894531 0.189815 0.014063 0.048148
1 0.976042 0.256944 0.015625 0.056481
1 0.807292 0.596759 0.035417 0.060185
1 0.816146 0.714815 0.032292 0.064815
1 0.591667 0.925000 0.033333 0.061111
