0 0.496615 0.730556 0.300521 0.464815
0 0.519792 0.413426 0.129167 0.482407
1 0.070833 0.173148 0.045833 0.079630
1 0.026042 0.361574 0.028125 0.050926
1 0.127865 0.266667 0.033854 0.070370
1 0.335417 0.185648 0.030208 0.084259
1 0.333073 0.143519 0.031771 0.055556
1 0.314063 0.303241 0.033333 0.045370
1 0.277865 0.252315 0.020313 0.056481
1 0.205208 0.107407 0.032292 0.059259
1 0.228906 0.447222 0.039062 0.055556
1 0.231250 0.501389 0.030208 0.032407
1 0.062760 0.627315 0.013021 0.065741
1 0.327604 0.642130 0.026042 0.045370
1 0.949479 0.028241 0.023958 0.036111
1 0.863802 0.098611 0.033854 0.030556
1 0.892708 0.185648 0.013542 0.041667
1 0.779427 0.458796 0.027604 0.047222
1 0.738281 0.238426 0.018229 0.037963
1 0.793750 0.386111 0.023958 0.035185
1 0.709115 0.589815 0.021354 0.046296
1 0.806771 0.593056 0.038542 0.058333
1 0.817448 0.707407 0.035937 0.070370
1 0.594271 0.920370 0.034375 0.053704
