0 0.526302 0.398611 0.153646 0.465741
0 0.503125 0.721759 0.288542 0.450926
1 0.074479 0.166667 0.042708 0.072222
1 0.130990 0.263889 0.029687 0.072222
1 0.206510 0.108333 0.026562 0.064815
1 0.317448 0.294444 0.030729 0.057407
1 0.280469 0.250463 0.021354 0.060185
1 0.338542 0.185648 0.032292 0.084259
1 0.334896 0.141204 0.032292 0.052778
1 0.330208 0.633333 0.025000 0.048148
1 0.034375 0.355093 0.030208 0.050926
1 0.228646 0.443981 0.036458 0.056481
1 0.596615 0.906481 0.032813 0.055556
1 0.709115 0.585185 0.021354 0.048148
1 0.778125 0.453704 0.029167 0.051852
1 0.819010 0.696296 0.033854 0.070370
1 0.804167 0.584259 0.034375 0.062963
1 0.862500 0.099537 0.028125 0.030556
