0 0.528385 0.388889 0.120313 0.442593
0 0.486198 0.704630 0.263021 0.450000
1 0.082812 0.162037 0.043750 0.064815
1 0.039583 0.353704 0.032292 0.066667
1 0.342448 0.176389 0.029687 0.084259
1 0.341406 0.135185 0.029687 0.057407
1 0.213281 0.100926 0.028646 0.057407
1 0.138542 0.256019 0.030208 0.067593
1 0.323177 0.292593 0.028646 0.051852
1 0.286719 0.245833 0.024479 0.060185
1 0.335938 0.623611 0.021875 0.045370
1 0.234115 0.432870 0.031771 0.062037
1 0.238802 0.489815 0.028646 0.037037
1 0.861458 0.091667 0.029167 0.029630
1 0.889583 0.175463 0.012500 0.034259
1 0.779427 0.443519 0.030729 0.046296
1 0.713021 0.577315 0.022917 0.049074
1 0.810156 0.575463 0.034896 0.063889
1 0.821354 0.683333 0.033333 0.070370
1 0.603125 0.894444 0.029167 0.048148
1 0.520052 0.974074 0.021354 0.035185
1 0.554427 0.981944 0.011979 0.019444
1 0.074479 0.612963 0.013542 0.074074
