0 0.535677 0.404167 0.156771 0.537963
0 0.491406 0.691667 0.252604 0.466667
1 0.085938 0.148148 0.043750 0.072222
1 0.325521 0.277778 0.032292 0.059259
1 0.216406 0.087500 0.027604 0.058333
1 0.142969 0.243056 0.034896 0.073148
1 0.044010 0.335185 0.033854 0.061111
1 0.340104 0.608333 0.022917 0.057407
1 0.348698 0.164815 0.028646 0.075926
1 0.344271 0.121296 0.032292 0.059259
1 0.714583 0.558333 0.020833 0.048148
1 0.809635 0.552315 0.031771 0.054630
1 0.781250 0.426852 0.023958 0.044444
1 0.822917 0.666204 0.036458 0.073148
1 0.602344 0.875000 0.029687 0.053704
1 0.521615 0.953704 0.022396 0.044444
1 0.556250 0.963426 0.012500 0.021296
1 0.863802 0.077778 0.034896 0.038889
1 0.289844 0.232407 0.019271 0.055556
