0 0.539062 0.356481 0.131250 0.448148
0 0.497656 0.672685 0.251563 0.452778
1 0.091667 0.136574 0.041667 0.069444
1 0.049219 0.322685 0.031771 0.052778
1 0.351302 0.150000 0.030729 0.083333
1 0.348177 0.108796 0.029687 0.062037
1 0.328906 0.260185 0.029687 0.042593
1 0.371615 0.237963 0.032813 0.038889
1 0.221354 0.076852 0.017708 0.059259
1 0.145573 0.230556 0.034896 0.070370
1 0.241927 0.403241 0.032813 0.052778
1 0.085417 0.580556 0.017708 0.066667
1 0.343750 0.593056 0.025000 0.054630
1 0.862500 0.064815 0.035417 0.037037
1 0.783333 0.415278 0.027083 0.052778
1 0.716927 0.543056 0.022396 0.050926
1 0.810677 0.540278 0.034896 0.062037
1 0.892188 0.148148 0.014583 0.044444
1 0.527604 0.935648 0.022917 0.034259
1 0.561979 0.947685 0.014583 0.019444
1 0.606250 0.859722 0.032292 0.052778
1 0.821615 0.650000 0.034896 0.064815
