0 0.547135 0.322222 0.146354 0.464815
0 0.509115 0.633333 0.254688 0.464815
1 0.360156 0.107407 0.024479 0.079630
1 0.359635 0.072685 0.033854 0.054630
1 0.062760 0.284722 0.032813 0.063889
1 0.105990 0.098148 0.040104 0.072222
1 0.304948 0.180093 0.025521 0.056481
1 0.233073 0.039815 0.030729 0.057407
1 0.158073 0.188889 0.029687 0.061111
1 0.355990 0.552315 0.021354 0.047222
1 0.729167 0.502315 0.023958 0.045370
1 0.795573 0.370370 0.027604 0.048148
1 0.825521 0.494907 0.031250 0.049074
1 0.839583 0.616204 0.034375 0.067593
1 0.621354 0.818981 0.033333 0.056481
1 0.539844 0.895370 0.020313 0.037037
1 0.575521 0.906944 0.015625 0.023148
1 0.777344 0.958796 0.018229 0.050926
1 0.875260 0.025926 0.033854 0.035185
