0 0.553906 0.295833 0.144271 0.450926
0 0.517969 0.611111 0.248438 0.448148
1 0.113281 0.081481 0.036979 0.068519
1 0.069010 0.264352 0.028646 0.052778
1 0.166146 0.173611 0.031250 0.065741
1 0.369531 0.093519 0.026562 0.081481
1 0.367188 0.057407 0.031250 0.059259
1 0.390625 0.183333 0.031250 0.035185
1 0.350260 0.205556 0.029687 0.042593
1 0.313021 0.163889 0.021875 0.059259
1 0.244010 0.076389 0.028646 0.023148
1 0.364583 0.533796 0.021875 0.045370
1 0.260937 0.346759 0.029167 0.052778
1 0.268229 0.397222 0.029167 0.029630
1 0.342448 0.956481 0.018229 0.044444
1 0.803646 0.353704 0.023958 0.046296
1 0.738021 0.485185 0.020833 0.048148
1 0.844792 0.591667 0.032292 0.064815
1 0.829688 0.480093 0.035417 0.060185
1 0.910417 0.088889 0.016667 0.035185
1 0.629167 0.804167 0.030208 0.056481
1 0.550521 0.881019 0.025000 0.036111
1 0.582812 0.890278 0.013542 0.021296
