0 0.453646 0.310648 0.301042 0.541667
1 0.980208 0.037963 0.020833 0.046296
1 0.622656 0.102315 0.034896 0.063889
1 0.883333 0.570370 0.032292 0.055556
1 0.279427 0.156944 0.039062 0.062037
1 0.325260 0.288426 0.080729 0.058333
1 0.405990 0.708333 0.035937 0.055556
1 0.452083 0.558333 0.040625 0.033333
1 0.530208 0.532407 0.009375 0.027778
1 0.587240 0.437500 0.052604 0.099074
1 0.107813 0.752778 0.029167 0.055556
1 0.889062 0.670833 0.028125 0.049074
1 0.751042 0.731019 0.043750 0.067593
1 0.715365 0.857870 0.029687 0.062037
1 0.673698 0.821296 0.032813 0.090741
1 0.942448 0.197222 0.023438 0.046296
1 0.709375 0.546759 0.029167 0.063889
