0 0.528125 0.584259 0.269792 0.453704
0 0.571875 0.287963 0.156250 0.450000
1 0.124479 0.067593 0.041667 0.068519
1 0.082031 0.247685 0.027604 0.049074
1 0.358594 0.193981 0.026562 0.047222
1 0.325000 0.149537 0.017708 0.054630
1 0.379427 0.079630 0.028646 0.081481
1 0.377865 0.044444 0.031771 0.061111
1 0.403125 0.169444 0.032292 0.031481
1 0.273958 0.331481 0.031250 0.051852
1 0.279687 0.385648 0.026042 0.034259
1 0.375521 0.518056 0.026042 0.049074
1 0.355469 0.939352 0.021354 0.050926
1 0.031510 0.642593 0.039062 0.035185
1 0.812500 0.338426 0.027083 0.043519
1 0.746615 0.467130 0.022396 0.045370
1 0.841146 0.465278 0.035417 0.056481
1 0.853906 0.578241 0.032813 0.069444
1 0.641146 0.784722 0.034375 0.054630
1 0.560156 0.859722 0.024479 0.030556
1 0.642188 0.959259 0.025000 0.051852
1 0.593229 0.871759 0.013542 0.023148
