0 0.573698 0.275926 0.151562 0.457407
0 0.534896 0.583796 0.251042 0.441667
1 0.383854 0.074074 0.029167 0.083333
1 0.381510 0.041667 0.032813 0.059259
1 0.128906 0.062500 0.041146 0.073148
1 0.084896 0.244444 0.026042 0.046296
1 0.183594 0.156481 0.030729 0.070370
1 0.362500 0.186574 0.030208 0.045370
1 0.406250 0.166667 0.033333 0.033333
1 0.379167 0.514815 0.026042 0.044444
1 0.277083 0.330556 0.029167 0.050000
1 0.358594 0.934259 0.021354 0.051852
1 0.640365 0.779630 0.030729 0.046296
1 0.561719 0.853704 0.020313 0.033333
1 0.595052 0.868056 0.016146 0.023148
1 0.815885 0.339815 0.027604 0.046296
1 0.749219 0.464815 0.021354 0.044444
1 0.845313 0.462500 0.036458 0.058333
1 0.857031 0.574074 0.035937 0.066667
1 0.645573 0.954167 0.026562 0.052778
