0 0.582292 0.275463 0.129167 0.441667
0 0.536198 0.577315 0.243229 0.439815
1 0.086719 0.242130 0.028646 0.062037
1 0.184635 0.150000 0.031771 0.061111
1 0.131250 0.058796 0.039583 0.069444
1 0.384896 0.071296 0.025000 0.083333
1 0.382552 0.037037 0.034896 0.057407
1 0.330469 0.143056 0.022396 0.062037
1 0.364583 0.182870 0.028125 0.045370
1 0.641146 0.773148 0.031250 0.057407
1 0.561719 0.846759 0.023438 0.032407
1 0.594531 0.858796 0.014063 0.023148
1 0.645833 0.946759 0.031250 0.056481
1 0.381771 0.509259 0.023958 0.051852
1 0.036979 0.638426 0.037500 0.036111
1 0.277604 0.323148 0.027083 0.057407
1 0.259375 0.054167 0.026042 0.023148
1 0.816667 0.328704 0.027083 0.046296
1 0.751563 0.457407 0.019792 0.038889
1 0.856771 0.566204 0.035417 0.069444
1 0.845833 0.454167 0.035417 0.056481
