0 0.572396 0.275463 0.143750 0.467593
0 0.534115 0.568056 0.249479 0.439815
1 0.130990 0.051852 0.040104 0.070370
1 0.089063 0.227778 0.027083 0.046296
1 0.365625 0.175463 0.031250 0.049074
1 0.409115 0.150463 0.035937 0.037963
1 0.384115 0.496759 0.024479 0.050926
1 0.282031 0.312500 0.029687 0.054630
1 0.386198 0.064352 0.029687 0.089815
1 0.750521 0.445370 0.021875 0.044444
1 0.643229 0.760185 0.032292 0.048148
1 0.563802 0.837963 0.021354 0.037037
1 0.597135 0.847685 0.017188 0.026852
1 0.649479 0.937500 0.023958 0.060185
1 0.362760 0.914815 0.024479 0.051852
1 0.817969 0.318981 0.027604 0.054630
1 0.847396 0.443519 0.032292 0.059259
