0 0.577604 0.256944 0.136458 0.462037
0 0.541146 0.559722 0.250000 0.437963
1 0.133854 0.044444 0.037500 0.064815
1 0.127865 0.476389 0.018229 0.069444
1 0.369271 0.170833 0.030208 0.054630
1 0.333333 0.123611 0.020833 0.054630
1 0.387760 0.057870 0.029687 0.087963
1 0.385156 0.493981 0.025521 0.043519
1 0.363542 0.910648 0.025000 0.050926
1 0.566146 0.832407 0.020833 0.037037
1 0.601042 0.843519 0.011458 0.020370
1 0.646354 0.755556 0.030208 0.050000
1 0.648698 0.932870 0.030729 0.050926
1 0.744531 0.971759 0.030729 0.052778
1 0.753385 0.442593 0.021354 0.046296
1 0.819531 0.312037 0.028646 0.048148
1 0.848958 0.439352 0.035417 0.062037
1 0.859635 0.548611 0.035937 0.067593
