0 0.591406 0.257407 0.158854 0.487037
0 0.547135 0.547685 0.253646 0.460185
1 0.092708 0.202778 0.027083 0.050000
1 0.372917 0.147222 0.029167 0.050000
1 0.284896 0.288426 0.032292 0.052778
1 0.336458 0.105093 0.021875 0.054630
1 0.652865 0.742130 0.032813 0.045370
1 0.573958 0.816667 0.023958 0.033333
1 0.653125 0.916204 0.034375 0.056481
1 0.761719 0.420370 0.022396 0.048148
1 0.827865 0.290741 0.022396 0.046296
1 0.856771 0.422222 0.034375 0.061111
1 0.870573 0.530093 0.036979 0.067593
1 0.751042 0.955556 0.035417 0.046296
1 0.366406 0.896759 0.023438 0.049074
