0 0.579688 0.260185 0.151042 0.518519
0 0.542708 0.543056 0.256250 0.456481
1 0.085417 0.195833 0.031250 0.052778
1 0.367448 0.137500 0.033854 0.049074
1 0.410417 0.111111 0.031250 0.040741
1 0.267969 0.153241 0.036979 0.073148
1 0.279687 0.279167 0.032292 0.049074
1 0.033854 0.592593 0.034375 0.033333
1 0.331250 0.095833 0.021875 0.052778
1 0.183333 0.104167 0.033333 0.065741
1 0.361719 0.888889 0.019271 0.050000
1 0.382292 0.465741 0.020833 0.048148
1 0.648438 0.732407 0.032292 0.051852
1 0.567969 0.808796 0.022396 0.034259
1 0.648958 0.910185 0.035417 0.057407
1 0.602083 0.820370 0.013542 0.022222
1 0.757031 0.413889 0.021354 0.042593
1 0.853385 0.409722 0.026562 0.062037
1 0.826823 0.283333 0.031771 0.048148
1 0.869010 0.521759 0.042188 0.078704
1 0.747917 0.949537 0.033333 0.049074
1 0.807292 0.874074 0.015625 0.051852
