0 0.538021 0.530093 0.251042 0.443519
1 0.085156 0.189815 0.032813 0.051852
1 0.035156 0.591667 0.036979 0.037037
1 0.367448 0.136574 0.029687 0.054630
1 0.409375 0.108333 0.033333 0.040741
1 0.278385 0.271759 0.030729 0.050926
1 0.182031 0.100926 0.032813 0.068519
1 0.382812 0.461111 0.026042 0.046296
1 0.360677 0.882407 0.023438 0.050000
1 0.569271 0.802315 0.022917 0.043519
1 0.602083 0.811111 0.012500 0.020370
1 0.647656 0.722222 0.031771 0.050000
1 0.646615 0.897685 0.039062 0.056481
1 0.745573 0.938889 0.032813 0.050000
1 0.755729 0.406481 0.025000 0.050000
1 0.864062 0.513426 0.042708 0.063889
1 0.852865 0.400463 0.031771 0.058333
1 0.823438 0.273611 0.028125 0.039815
