0 0.433594 0.292130 0.315104 0.582407
1 0.941667 0.215741 0.019792 0.040741
1 0.881250 0.593056 0.031250 0.054630
1 0.887500 0.694444 0.026042 0.046296
1 0.236198 0.551389 0.024479 0.036111
1 0.403385 0.725000 0.039062 0.051852
1 0.527604 0.556944 0.011458 0.039815
1 0.449479 0.579167 0.042708 0.036111
1 0.671615 0.841667 0.030729 0.081481
1 0.714063 0.880093 0.030208 0.069444
1 0.621615 0.124537 0.038021 0.058333
1 0.978906 0.059259 0.025521 0.048148
1 0.751563 0.756019 0.045833 0.076852
1 0.277604 0.181019 0.035417 0.054630
1 0.647135 0.451852 0.044271 0.129630
