0 0.537760 0.518519 0.258854 0.438889
1 0.650521 0.893056 0.035417 0.060185
1 0.569010 0.795833 0.022396 0.039815
1 0.361458 0.885185 0.021875 0.051852
1 0.380469 0.457870 0.021354 0.052778
1 0.402344 0.102778 0.035937 0.040741
1 0.078906 0.192130 0.033854 0.052778
1 0.646354 0.717593 0.033333 0.053704
1 0.601823 0.806481 0.014063 0.024074
1 0.751563 0.935648 0.032292 0.045370
1 0.755208 0.394444 0.027083 0.048148
1 0.849479 0.385185 0.036458 0.055556
1 0.820833 0.258796 0.029167 0.049074
1 0.865885 0.500463 0.036979 0.071296
