0 0.539583 0.526852 0.255208 0.446296
1 0.176042 0.106481 0.031250 0.066667
1 0.081510 0.198611 0.032813 0.047222
1 0.323437 0.087963 0.020833 0.055556
1 0.361979 0.129167 0.036458 0.039815
1 0.402865 0.102778 0.031771 0.044444
1 0.367969 0.887037 0.019271 0.048148
1 0.200260 0.925000 0.020313 0.046296
1 0.382031 0.459259 0.022396 0.048148
1 0.274740 0.277778 0.033854 0.048148
1 0.757292 0.389815 0.023958 0.044444
1 0.824219 0.258333 0.027604 0.046296
1 0.869792 0.496296 0.034375 0.070370
1 0.854167 0.381019 0.036458 0.052778
1 0.661458 0.895833 0.028125 0.056481
1 0.574219 0.797222 0.023438 0.031481
1 0.652604 0.717593 0.029167 0.050000
1 0.607031 0.806944 0.013021 0.017593
1 0.752865 0.930093 0.030729 0.045370
