0 0.542188 0.526852 0.255208 0.431481
1 0.362240 0.136574 0.029687 0.037963
1 0.078906 0.213889 0.029687 0.051852
1 0.177083 0.118981 0.032292 0.067593
1 0.325000 0.098148 0.022917 0.055556
1 0.278385 0.288426 0.033854 0.050926
1 0.384635 0.468981 0.025521 0.050926
1 0.035677 0.616667 0.033854 0.033333
1 0.123698 0.467593 0.014063 0.072222
1 0.370573 0.893981 0.024479 0.058333
1 0.655990 0.720370 0.030729 0.053704
1 0.578906 0.801852 0.021354 0.031481
1 0.613021 0.812963 0.015625 0.024074
1 0.662240 0.899074 0.034896 0.053704
1 0.760938 0.936111 0.035417 0.048148
1 0.874219 0.497222 0.040104 0.062963
1 0.761979 0.393981 0.018750 0.045370
1 0.858594 0.383796 0.032813 0.056481
1 0.825521 0.260185 0.029167 0.046296
