0 0.544531 0.523611 0.258854 0.441667
1 0.360938 0.136111 0.030208 0.048148
1 0.404687 0.110185 0.034375 0.038889
1 0.178125 0.121296 0.036458 0.066667
1 0.079687 0.215278 0.029167 0.052778
1 0.374479 0.892130 0.023958 0.043519
1 0.386719 0.468519 0.023438 0.050000
1 0.660937 0.717593 0.033333 0.050000
1 0.580729 0.798148 0.018750 0.031481
1 0.669792 0.897222 0.032292 0.057407
1 0.763542 0.931019 0.032292 0.049074
1 0.764062 0.390278 0.017708 0.045370
1 0.827344 0.250000 0.024479 0.044444
1 0.860677 0.380093 0.034896 0.063889
1 0.876823 0.499074 0.038021 0.077778
1 0.322656 0.098148 0.021354 0.064815
