0 0.543229 0.523148 0.256250 0.448148
1 0.074219 0.212500 0.031771 0.052778
1 0.357292 0.133333 0.030208 0.044444
1 0.318750 0.091204 0.021875 0.058333
1 0.400260 0.102315 0.032813 0.037963
1 0.384375 0.465741 0.025000 0.042593
1 0.034635 0.622222 0.036979 0.037037
1 0.120313 0.469444 0.015625 0.062963
1 0.171354 0.115741 0.032292 0.068519
1 0.762240 0.378241 0.021354 0.039815
1 0.827344 0.239815 0.027604 0.046296
1 0.859375 0.367593 0.034375 0.061111
1 0.874740 0.479630 0.038021 0.070370
1 0.580729 0.793981 0.022917 0.037963
1 0.664583 0.889352 0.036458 0.058333
1 0.765104 0.923611 0.033333 0.052778
1 0.658854 0.708796 0.031250 0.054630
1 0.372396 0.892130 0.021875 0.045370
