0 0.546875 0.492593 0.259375 0.438889
1 0.079948 0.195833 0.031771 0.050926
1 0.174740 0.096759 0.032813 0.065741
1 0.360677 0.108333 0.029687 0.044444
1 0.323698 0.071759 0.022396 0.056481
1 0.277865 0.262037 0.036979 0.055556
1 0.388542 0.441667 0.023958 0.048148
1 0.380208 0.863426 0.021875 0.049074
1 0.827604 0.217593 0.028125 0.053704
1 0.764062 0.353241 0.021875 0.045370
1 0.861458 0.340278 0.038542 0.058333
1 0.878906 0.455093 0.045312 0.063889
1 0.663281 0.681481 0.031771 0.051852
1 0.585938 0.765741 0.023958 0.035185
1 0.671094 0.858333 0.032813 0.053704
1 0.770312 0.892130 0.029167 0.052778
1 0.620052 0.775926 0.011979 0.022222
