0 0.424740 0.150000 0.215104 0.281481
0 0.404687 0.389815 0.202083 0.281481
0 0.442969 0.575926 0.264062 0.398148
1 0.705469 0.089352 0.044271 0.069444
1 0.833594 0.067130 0.024479 0.052778
1 0.750000 0.570833 0.040625 0.069444
1 0.297917 0.844444 0.044792 0.077778
1 0.330990 0.886574 0.025521 0.063889
1 0.353385 0.910185 0.024479 0.046296
1 0.194531 0.479630 0.028646 0.061111
1 0.627344 0.165741 0.036979 0.083333
1 0.629427 0.268981 0.035937 0.073148
1 0.052865 0.622222 0.031771 0.050000
1 0.494010 0.956944 0.018229 0.028704
1 0.657292 0.435648 0.027083 0.067593
1 0.123438 0.145370 0.020833 0.029630
1 0.840885 0.190278 0.031771 0.054630
1 0.661458 0.223611 0.033333 0.071296
