0 0.434635 0.301389 0.311979 0.600926
1 0.617708 0.147222 0.035417 0.062963
1 0.937760 0.237500 0.022396 0.043519
1 0.975781 0.083796 0.022396 0.045370
1 0.709635 0.902778 0.033854 0.083333
1 0.747396 0.773611 0.041667 0.073148
1 0.402865 0.745833 0.034896 0.050926
1 0.446875 0.597685 0.042708 0.026852
1 0.525781 0.572222 0.010937 0.031481
1 0.276562 0.197222 0.037500 0.061111
1 0.879167 0.610648 0.032292 0.049074
1 0.670312 0.858333 0.031250 0.090741
1 0.103125 0.791204 0.030208 0.052778
1 0.233333 0.569444 0.025000 0.037037
