0 0.540365 0.436111 0.261979 0.446296
1 0.066146 0.145833 0.026042 0.050926
1 0.114062 0.399074 0.023958 0.068519
1 0.378646 0.389815 0.023958 0.044444
1 0.163021 0.046759 0.030208 0.067593
1 0.372396 0.815278 0.020833 0.054630
1 0.659115 0.627315 0.031771 0.056481
1 0.580469 0.715278 0.024479 0.032407
1 0.667969 0.805093 0.030729 0.062037
1 0.768750 0.838426 0.035417 0.049074
1 0.824479 0.155556 0.028125 0.048148
1 0.759896 0.293981 0.022917 0.047222
1 0.859375 0.279630 0.039583 0.062963
1 0.875521 0.391204 0.039583 0.065741
1 0.911719 0.966204 0.034896 0.041667
1 0.786719 0.925463 0.071354 0.080556
