0 0.536198 0.413889 0.269271 0.444444
1 0.060156 0.125926 0.030729 0.059259
1 0.345833 0.038889 0.033333 0.044444
1 0.109375 0.380556 0.019792 0.068519
1 0.375781 0.373148 0.026562 0.050000
1 0.369531 0.797222 0.024479 0.057407
1 0.655729 0.609259 0.030208 0.051852
1 0.577604 0.694907 0.021875 0.032407
1 0.661198 0.786111 0.038021 0.059259
1 0.759115 0.275463 0.025521 0.047222
1 0.822135 0.136574 0.029687 0.047222
1 0.856250 0.260185 0.035417 0.062963
1 0.766146 0.816667 0.031250 0.040741
1 0.910677 0.943519 0.032813 0.035185
1 0.783854 0.911574 0.069792 0.084259
