0 0.532552 0.392130 0.261979 0.436111
1 0.366146 0.769444 0.021875 0.050000
1 0.063542 0.956944 0.032292 0.054630
1 0.372396 0.348148 0.020833 0.046296
1 0.060937 0.103241 0.029167 0.049074
1 0.755208 0.251852 0.021875 0.046296
1 0.817187 0.113889 0.029167 0.050000
1 0.852604 0.239352 0.035417 0.062037
1 0.869271 0.351389 0.036458 0.073148
1 0.652865 0.585648 0.030729 0.049074
1 0.574740 0.670370 0.022396 0.033333
1 0.660417 0.766204 0.036458 0.058333
1 0.761719 0.791667 0.029687 0.040741
1 0.904427 0.920370 0.036979 0.035185
1 0.194531 0.819907 0.032813 0.041667
1 0.107813 0.359722 0.022917 0.071296
1 0.608333 0.677778 0.015625 0.025926
1 0.780469 0.885185 0.072396 0.085185
