0 0.519792 0.334722 0.261458 0.443519
1 0.353385 0.703704 0.021354 0.053704
1 0.738802 0.194907 0.019271 0.047222
1 0.835417 0.177778 0.035417 0.057407
1 0.851562 0.291204 0.037500 0.073148
1 0.638542 0.520833 0.032292 0.049074
1 0.560156 0.605093 0.022396 0.028704
1 0.643490 0.697222 0.036979 0.059259
1 0.596094 0.618056 0.013021 0.021296
1 0.819010 0.806944 0.013021 0.037963
1 0.888281 0.851389 0.036979 0.026852
1 0.745052 0.725000 0.034896 0.051852
1 0.360156 0.290278 0.021354 0.047222
1 0.763542 0.810648 0.071875 0.076852
