0 0.507031 0.295370 0.257812 0.431481
1 0.350781 0.262037 0.020313 0.046296
1 0.723698 0.168519 0.023438 0.048148
1 0.819531 0.153704 0.032813 0.059259
1 0.634896 0.662963 0.029167 0.057407
1 0.546875 0.575000 0.021875 0.035185
1 0.344010 0.670833 0.023438 0.050926
1 0.728906 0.693519 0.029687 0.051852
1 0.624479 0.491204 0.032292 0.052778
1 0.870313 0.814815 0.033333 0.031481
1 0.047917 0.850926 0.033333 0.057407
1 0.091406 0.268519 0.021354 0.072222
1 0.838542 0.265278 0.044792 0.075000
1 0.785677 0.031481 0.029687 0.044444
1 0.747656 0.780556 0.070312 0.079630
