0 0.405729 0.305093 0.260417 0.599074
1 0.398958 0.766667 0.042708 0.059259
1 0.745833 0.796759 0.048958 0.073148
1 0.708854 0.917130 0.032292 0.075000
1 0.230469 0.589352 0.028646 0.039815
1 0.447135 0.618519 0.038021 0.037037
1 0.525521 0.588426 0.009375 0.028704
1 0.883073 0.731019 0.028646 0.052778
1 0.668750 0.881481 0.027083 0.081481
1 0.127604 0.943056 0.022917 0.032407
1 0.616406 0.162500 0.032813 0.060185
1 0.877344 0.629167 0.028646 0.049074
1 0.271094 0.213426 0.033854 0.047222
1 0.706510 0.604630 0.022396 0.051852
1 0.101302 0.807407 0.028646 0.044444
1 0.642708 0.491204 0.042708 0.128704
1 0.808594 0.369444 0.023438 0.066667
