0 0.505208 0.657407 0.316667 0.572222
1 0.325781 0.555093 0.018229 0.049074
1 0.028646 0.730556 0.023958 0.055556
1 0.335417 0.156944 0.025000 0.043519
1 0.429688 0.188426 0.020833 0.056481
1 0.609375 0.551389 0.036458 0.063889
1 0.603125 0.382870 0.031250 0.047222
1 0.528646 0.462037 0.019792 0.029630
1 0.707552 0.580093 0.031771 0.045370
1 0.845313 0.704630 0.032292 0.042593
1 0.809375 0.166204 0.031250 0.062037
1 0.796615 0.057870 0.031771 0.062037
1 0.702865 0.067130 0.021354 0.047222
1 0.313542 0.832870 0.036458 0.067593
1 0.725521 0.664352 0.066667 0.075000
