0 0.502083 0.639815 0.314583 0.568519
1 0.334635 0.138889 0.022396 0.050000
1 0.026823 0.712500 0.028646 0.063889
1 0.310937 0.818981 0.041667 0.071296
1 0.323177 0.537963 0.022396 0.042593
1 0.607292 0.538889 0.034375 0.057407
1 0.525521 0.448611 0.020833 0.030556
1 0.601302 0.369444 0.030729 0.048148
1 0.705208 0.561574 0.030208 0.043519
1 0.842448 0.689352 0.030729 0.034259
1 0.794271 0.042593 0.033333 0.064815
1 0.701562 0.056481 0.019792 0.042593
1 0.427344 0.175000 0.022396 0.053704
1 0.720573 0.650463 0.069271 0.080556
