0 0.501042 0.606944 0.308333 0.541667
1 0.697396 0.045370 0.019792 0.048148
1 0.027604 0.693519 0.030208 0.057407
1 0.310156 0.797685 0.039062 0.071296
1 0.603646 0.517130 0.034375 0.058333
1 0.600260 0.356481 0.031771 0.048148
1 0.523958 0.429167 0.022917 0.028704
1 0.703125 0.547685 0.031250 0.050926
1 0.789844 0.031944 0.035937 0.060185
1 0.978125 0.031944 0.030208 0.052778
1 0.322656 0.516204 0.020313 0.041667
1 0.332292 0.125926 0.021875 0.035185
1 0.804688 0.137963 0.034375 0.072222
1 0.770833 0.629630 0.012500 0.044444
1 0.717969 0.633796 0.071354 0.071296
