0 0.496354 0.600926 0.310417 0.557407
1 0.026302 0.670370 0.030729 0.062963
1 0.307292 0.780556 0.036458 0.062963
1 0.318750 0.500926 0.021875 0.048148
1 0.520052 0.412037 0.019271 0.025926
1 0.601042 0.502315 0.039583 0.052778
1 0.547656 0.606481 0.023438 0.029630
1 0.880469 0.878241 0.034896 0.121296
1 0.698177 0.522685 0.034896 0.039815
1 0.800781 0.120833 0.032813 0.067593
1 0.694010 0.027778 0.021354 0.044444
1 0.596875 0.337500 0.031250 0.052778
1 0.715625 0.615278 0.066667 0.076852
1 0.745573 0.953241 0.040104 0.045370
