0 0.497396 0.585185 0.314583 0.574074
1 0.025521 0.651852 0.030208 0.061111
1 0.596094 0.318056 0.028646 0.047222
1 0.599219 0.481481 0.038021 0.055556
1 0.520052 0.393056 0.023438 0.028704
1 0.306771 0.761111 0.037500 0.061111
1 0.329427 0.092130 0.023438 0.041667
1 0.320312 0.480093 0.020833 0.047222
1 0.549740 0.585185 0.024479 0.031481
1 0.697656 0.509259 0.031771 0.040741
1 0.801302 0.105556 0.029687 0.064815
1 0.714583 0.597685 0.064583 0.080556
1 0.832812 0.632870 0.036458 0.037963
1 0.882031 0.862963 0.035937 0.125926
1 0.746875 0.932870 0.035417 0.039815
