0 0.429948 0.329167 0.320312 0.625000
1 0.744010 0.811111 0.044271 0.072222
1 0.881250 0.750463 0.027083 0.049074
1 0.228646 0.600926 0.031250 0.040741
1 0.615885 0.177778 0.035937 0.064815
1 0.878125 0.644907 0.030208 0.054630
1 0.708594 0.936111 0.026562 0.074074
1 0.390885 0.783796 0.023438 0.037963
1 0.269010 0.224074 0.033854 0.057407
1 0.665365 0.893981 0.032813 0.084259
1 0.097135 0.824074 0.027604 0.059259
1 0.936979 0.272222 0.019792 0.042593
1 0.975521 0.117130 0.020833 0.041667
1 0.703385 0.623148 0.027604 0.053704
1 0.520833 0.605556 0.009375 0.035185
1 0.443750 0.631481 0.042708 0.033333
