0 0.497656 0.535648 0.315104 0.575000
1 0.031250 0.599074 0.028125 0.055556
1 0.313281 0.710648 0.039062 0.075000
1 0.526563 0.344444 0.023958 0.025926
1 0.601302 0.270370 0.026562 0.050000
1 0.605729 0.434722 0.039583 0.056481
1 0.702604 0.454630 0.028125 0.033333
1 0.805208 0.059722 0.029167 0.069444
1 0.305990 0.898611 0.014063 0.026852
1 0.265885 0.830093 0.016146 0.023148
1 0.837500 0.583796 0.030208 0.039815
1 0.773958 0.544907 0.011458 0.036111
1 0.651823 0.686111 0.017188 0.035185
1 0.334115 0.042130 0.025521 0.041667
1 0.077344 0.037500 0.014063 0.058333
1 0.325781 0.428241 0.022396 0.037963
1 0.550000 0.938889 0.014583 0.037037
1 0.702083 0.969907 0.014583 0.037963
1 0.719010 0.543981 0.069271 0.073148
1 0.886198 0.808333 0.041146 0.116667
