0 0.504167 0.509722 0.314583 0.571296
1 0.033594 0.578704 0.032813 0.061111
1 0.314583 0.687037 0.038542 0.062963
1 0.607812 0.412963 0.038542 0.053704
1 0.603646 0.250463 0.030208 0.049074
1 0.706510 0.436111 0.031771 0.038889
1 0.840625 0.562500 0.030208 0.034259
1 0.553646 0.919444 0.013542 0.033333
1 0.528646 0.325463 0.020833 0.028704
1 0.336979 0.022222 0.023958 0.040741
1 0.810417 0.040741 0.036458 0.066667
1 0.888542 0.786574 0.037500 0.112037
1 0.721875 0.521759 0.067708 0.076852
1 0.327083 0.406019 0.018750 0.047222
1 0.308333 0.877315 0.012500 0.023148
1 0.753646 0.861574 0.036458 0.045370
