0 0.509896 0.487037 0.313542 0.564815
1 0.038281 0.556944 0.031771 0.060185
1 0.320573 0.665741 0.041146 0.066667
1 0.614583 0.392130 0.035417 0.056481
1 0.607292 0.230556 0.028125 0.048148
1 0.531771 0.304630 0.018750 0.027778
1 0.710417 0.418519 0.030208 0.046296
1 0.779687 0.506481 0.013542 0.038889
1 0.845833 0.542130 0.035417 0.043519
1 0.893750 0.768056 0.034375 0.112037
1 0.727083 0.504167 0.065625 0.075000
1 0.333333 0.387963 0.022917 0.046296
1 0.758594 0.834722 0.040104 0.052778
1 0.073438 0.938889 0.044792 0.077778
1 0.312500 0.856944 0.013542 0.019444
1 0.274479 0.789352 0.014583 0.023148
