1 0.734115 0.467593 0.067187 0.077778
1 0.667448 0.609722 0.016146 0.037963
1 0.621354 0.361111 0.036458 0.057407
0 0.519792 0.443519 0.311458 0.551852
1 0.051562 0.518519 0.030208 0.061111
1 0.028646 0.762500 0.033333 0.047222
1 0.330990 0.629167 0.042188 0.060185
1 0.615885 0.200926 0.030729 0.048148
1 0.540365 0.274074 0.021354 0.029630
1 0.718229 0.386574 0.028125 0.039815
1 0.898438 0.732407 0.034375 0.112963
1 0.850781 0.511111 0.032813 0.037037
1 0.344010 0.354167 0.022396 0.049074
1 0.764583 0.804167 0.036458 0.039815
1 0.086979 0.898148 0.044792 0.075926
1 0.324740 0.820833 0.014063 0.021296
1 0.285938 0.752315 0.014583 0.023148
