0 0.525260 0.424074 0.306771 0.561111
1 0.061198 0.498148 0.029687 0.053704
1 0.035156 0.739815 0.036979 0.048148
1 0.350000 0.333796 0.021875 0.050926
1 0.739583 0.452315 0.065625 0.075000
1 0.900781 0.711574 0.038021 0.112037
1 0.767448 0.782870 0.042188 0.041667
1 0.336979 0.606019 0.038542 0.062037
1 0.717187 0.364815 0.032292 0.038889
1 0.619531 0.185185 0.028646 0.046296
1 0.545052 0.255556 0.021354 0.024074
1 0.623698 0.341667 0.032813 0.050000
1 0.291667 0.730093 0.015625 0.017593
1 0.095833 0.875926 0.047917 0.077778
