0 0.529427 0.367593 0.313021 0.555556
1 0.110677 0.920833 0.020313 0.028704
1 0.625000 0.134722 0.030208 0.043519
1 0.725000 0.314352 0.030208 0.039815
1 0.072396 0.444907 0.028125 0.056481
1 0.047656 0.683333 0.030729 0.046296
1 0.345313 0.554167 0.038542 0.058333
1 0.357292 0.280093 0.019792 0.041667
1 0.629167 0.290278 0.035417 0.052778
1 0.857292 0.437963 0.033333 0.035185
1 0.676042 0.536574 0.015625 0.030556
1 0.902604 0.654630 0.035417 0.111111
1 0.724740 0.809259 0.011979 0.040741
1 0.339323 0.740741 0.015104 0.022222
1 0.301042 0.673611 0.013542 0.019444
1 0.739583 0.401852 0.065625 0.079630
