0 0.536458 0.346296 0.307292 0.527778
1 0.348177 0.533333 0.035937 0.068519
1 0.073958 0.423611 0.027083 0.056481
1 0.050260 0.661111 0.033854 0.051852
1 0.112500 0.900000 0.023958 0.029630
1 0.627344 0.113426 0.029687 0.047222
1 0.631510 0.272222 0.034896 0.057407
1 0.554167 0.185185 0.023958 0.025926
1 0.727344 0.295833 0.029687 0.041667
1 0.744010 0.377315 0.067187 0.075000
1 0.678125 0.516204 0.018750 0.039815
1 0.905469 0.637500 0.036979 0.108333
1 0.302604 0.654630 0.014583 0.020370
1 0.340625 0.720833 0.013542 0.021296
1 0.359635 0.262037 0.020313 0.044444
