0 0.430990 0.350463 0.320312 0.636111
1 0.267708 0.236111 0.033333 0.053704
1 0.223698 0.615741 0.026562 0.035185
1 0.612240 0.191667 0.039062 0.074074
1 0.708594 0.026389 0.038021 0.045370
1 0.936198 0.287963 0.023438 0.044444
1 0.702604 0.950463 0.032292 0.082407
1 0.393229 0.793981 0.034375 0.049074
1 0.443229 0.648148 0.041667 0.037037
1 0.520052 0.618056 0.010937 0.039815
1 0.741146 0.828241 0.042708 0.080556
1 0.313021 0.492593 0.029167 0.055556
1 0.873698 0.666667 0.034896 0.053704
1 0.663542 0.916204 0.029167 0.080556
1 0.700781 0.637500 0.026562 0.062037
1 0.973437 0.134722 0.020833 0.043519
