0 0.540365 0.259722 0.303646 0.517593
1 0.625260 0.037963 0.030729 0.048148
1 0.080729 0.368981 0.031250 0.056481
1 0.361458 0.195833 0.019792 0.043519
1 0.354427 0.463889 0.039062 0.062963
1 0.057813 0.603241 0.033333 0.045370
1 0.126042 0.837963 0.025000 0.037037
1 0.077083 0.944444 0.037500 0.042593
1 0.910417 0.535648 0.035417 0.112037
1 0.744792 0.287963 0.065625 0.074074
1 0.636979 0.188426 0.029167 0.056481
1 0.553385 0.106944 0.018229 0.025000
1 0.862240 0.324074 0.032813 0.042593
1 0.782031 0.604167 0.036979 0.050926
1 0.728125 0.210185 0.028125 0.042593
1 0.148438 0.947685 0.023958 0.050926
1 0.348958 0.651852 0.015625 0.027778
1 0.311719 0.587963 0.014063 0.024074
