0 0.427865 0.358796 0.317188 0.626852
1 0.269531 0.257407 0.039062 0.057407
1 0.392188 0.818519 0.034375 0.061111
1 0.439063 0.665741 0.046875 0.035185
1 0.520573 0.641667 0.014063 0.040741
1 0.664062 0.939352 0.034375 0.080556
1 0.938021 0.311574 0.023958 0.039815
1 0.976042 0.156944 0.021875 0.050926
1 0.614323 0.212500 0.034896 0.067593
1 0.315625 0.515741 0.022917 0.055556
1 0.702344 0.664352 0.023438 0.062037
1 0.740625 0.853704 0.045833 0.074074
1 0.874219 0.687963 0.031771 0.048148
1 0.879948 0.793981 0.024479 0.045370
1 0.224479 0.636574 0.022917 0.034259
1 0.092188 0.854630 0.032292 0.048148
1 0.639844 0.545833 0.044271 0.137963
1 0.710417 0.044907 0.034375 0.049074
