0 0.522656 0.493519 0.339062 0.451852
1 0.076823 0.125926 0.028646 0.055556
1 0.072656 0.658796 0.038021 0.052778
1 0.141406 0.663889 0.033854 0.051852
1 0.333594 0.223611 0.035937 0.060185
1 0.366667 0.812963 0.025000 0.042593
1 0.363542 0.853704 0.032292 0.055556
1 0.850260 0.302778 0.031771 0.100000
1 0.729427 0.356481 0.033854 0.046296
1 0.697656 0.066204 0.060937 0.071296
1 0.637240 0.203241 0.016146 0.037963
1 0.816406 0.475463 0.050521 0.076852
1 0.817969 0.851852 0.024479 0.055556
1 0.743750 0.941667 0.022917 0.042593
