0 0.425781 0.390741 0.315104 0.633333
1 0.391667 0.839815 0.035417 0.055556
1 0.615365 0.237500 0.036979 0.071296
1 0.711198 0.069907 0.033854 0.045370
1 0.939063 0.339352 0.021875 0.045370
1 0.977344 0.183796 0.022396 0.050926
1 0.741146 0.882407 0.042708 0.074074
1 0.880469 0.823611 0.027604 0.050926
1 0.700781 0.688889 0.026562 0.057407
1 0.439583 0.690278 0.041667 0.030556
1 0.519271 0.663426 0.009375 0.034259
1 0.268229 0.275463 0.034375 0.062037
1 0.805990 0.449537 0.024479 0.067593
1 0.090104 0.878704 0.028125 0.057407
1 0.315885 0.532407 0.025521 0.053704
