0 0.508333 0.488889 0.336458 0.500000
1 0.325260 0.197685 0.039062 0.056481
1 0.077083 0.094907 0.028125 0.058333
1 0.052604 0.307407 0.030208 0.050000
1 0.716927 0.342593 0.039062 0.062963
1 0.689063 0.057870 0.058333 0.073148
1 0.802083 0.831944 0.023958 0.056481
1 0.767448 0.968056 0.028646 0.056481
1 0.837500 0.291204 0.034375 0.099074
1 0.352865 0.780556 0.024479 0.038889
1 0.348958 0.821296 0.028125 0.048148
1 0.061198 0.618519 0.039062 0.051852
1 0.111979 0.527315 0.022917 0.034259
1 0.133073 0.629167 0.030729 0.047222
1 0.986458 0.464352 0.027083 0.047222
1 0.628385 0.182407 0.016146 0.029630
