0 0.489063 0.384722 0.331250 0.526852
1 0.047396 0.475926 0.038542 0.051852
1 0.113542 0.491204 0.026042 0.054630
1 0.096094 0.392130 0.023438 0.034259
1 0.094531 0.280093 0.036979 0.062037
1 0.819792 0.213889 0.032292 0.096296
1 0.679167 0.863426 0.021875 0.041667
1 0.698177 0.822685 0.023438 0.045370
1 0.738802 0.874537 0.023438 0.058333
1 0.770833 0.737037 0.026042 0.050000
1 0.316146 0.081481 0.036458 0.061111
1 0.969531 0.392130 0.028646 0.043519
1 0.600781 0.485185 0.025521 0.051852
1 0.324479 0.695370 0.025000 0.038889
1 0.783073 0.935185 0.036979 0.048148
