0 0.490104 0.356019 0.332292 0.434259
1 0.045052 0.456481 0.036979 0.055556
1 0.113542 0.463889 0.028125 0.051852
1 0.093229 0.371759 0.021875 0.037963
1 0.324740 0.635648 0.024479 0.039815
1 0.320833 0.676852 0.028125 0.042593
1 0.098177 0.705556 0.029687 0.025926
1 0.819271 0.201389 0.032292 0.093519
1 0.769792 0.723148 0.021875 0.053704
1 0.674740 0.845833 0.022396 0.052778
1 0.734115 0.858333 0.025521 0.062963
1 0.695052 0.802778 0.019271 0.038889
1 0.965885 0.376852 0.031771 0.044444
1 0.698438 0.234259 0.035417 0.050000
1 0.615104 0.075926 0.019792 0.035185
1 0.316406 0.060185 0.034896 0.057407
1 0.779167 0.920370 0.035417 0.050000
