0 0.491406 0.349537 0.331771 0.428704
1 0.672656 0.826852 0.025521 0.062963
1 0.692969 0.786111 0.023438 0.040741
1 0.045312 0.435185 0.035417 0.057407
1 0.113021 0.444444 0.027083 0.046296
1 0.094271 0.350463 0.023958 0.041667
1 0.325000 0.616667 0.023958 0.033333
1 0.322396 0.653704 0.028125 0.038889
1 0.819531 0.187500 0.031771 0.102778
1 0.769010 0.703704 0.027604 0.048148
1 0.734375 0.834259 0.026042 0.055556
1 0.779167 0.901852 0.030208 0.044444
1 0.987240 0.761111 0.021354 0.059259
1 0.965104 0.360185 0.032292 0.051852
1 0.956510 0.301389 0.015104 0.030556
1 0.696354 0.218056 0.031250 0.047222
1 0.092448 0.241204 0.032813 0.060185
1 0.096875 0.680093 0.028125 0.023148
