0 0.492708 0.309259 0.327083 0.438889
0 0.497135 0.745833 0.332813 0.495370
1 0.046354 0.415741 0.036458 0.050000
1 0.328646 0.599074 0.022917 0.044444
1 0.324479 0.640278 0.027083 0.041667
1 0.821354 0.169907 0.032292 0.097222
1 0.677083 0.812500 0.027083 0.050926
1 0.695573 0.768056 0.019271 0.030556
1 0.770312 0.687963 0.022917 0.055556
1 0.733594 0.820833 0.027604 0.060185
1 0.095312 0.231019 0.038542 0.073148
1 0.781250 0.885648 0.033333 0.043519
1 0.966406 0.346759 0.028646 0.050926
1 0.959115 0.284722 0.021354 0.043519
1 0.599479 0.434259 0.032292 0.053704
1 0.698698 0.205093 0.033854 0.054630
1 0.100781 0.661111 0.028646 0.022222
1 0.674219 0.544907 0.015104 0.028704
