0 0.428385 0.410185 0.306771 0.624074
1 0.270833 0.300463 0.041667 0.065741
1 0.392708 0.862500 0.035417 0.063889
1 0.876563 0.846759 0.027083 0.050926
1 0.939583 0.367130 0.022917 0.039815
1 0.616146 0.261111 0.035417 0.070370
1 0.713802 0.098148 0.039062 0.053704
1 0.739583 0.903241 0.043750 0.069444
1 0.977865 0.212500 0.021354 0.050926
1 0.438542 0.712500 0.043750 0.030556
1 0.519010 0.687037 0.013021 0.033333
1 0.507292 0.036574 0.021875 0.045370
1 0.444531 0.050000 0.024479 0.044444
1 0.873437 0.740741 0.030208 0.050000
1 0.701302 0.710648 0.029687 0.063889
1 0.806510 0.469907 0.025521 0.060185
