0 0.496875 0.294907 0.329167 0.454630
0 0.500260 0.725000 0.341146 0.522222
1 0.053646 0.407407 0.037500 0.050000
1 0.103385 0.218519 0.040104 0.042593
1 0.313021 0.193519 0.012500 0.022222
1 0.280469 0.131019 0.015104 0.026852
1 0.105729 0.653241 0.033333 0.028704
1 0.119792 0.415741 0.031250 0.050000
1 0.702604 0.194444 0.037500 0.048148
1 0.823698 0.163426 0.033854 0.099074
1 0.772396 0.677778 0.027083 0.050000
1 0.738542 0.810185 0.028125 0.057407
1 0.680990 0.801852 0.025521 0.044444
1 0.698177 0.761574 0.023438 0.039815
1 0.783333 0.874537 0.029167 0.049074
1 0.969271 0.337963 0.025000 0.042593
1 0.332552 0.589815 0.021354 0.033333
1 0.329688 0.624074 0.026042 0.037037
