0 0.500000 0.308796 0.331250 0.482407
0 0.500521 0.704167 0.335417 0.454630
1 0.056510 0.400000 0.038021 0.059259
1 0.106250 0.207407 0.038542 0.051852
1 0.825000 0.156944 0.035417 0.089815
1 0.707292 0.189815 0.038542 0.044444
1 0.623437 0.032870 0.015625 0.030556
1 0.335938 0.582870 0.023958 0.039815
1 0.332292 0.619907 0.029167 0.036111
1 0.109635 0.644444 0.029687 0.024074
1 0.775000 0.671759 0.021875 0.054630
1 0.739844 0.802315 0.025521 0.056481
1 0.681510 0.793981 0.022396 0.043519
1 0.700000 0.751389 0.022917 0.032407
1 0.971354 0.334722 0.031250 0.041667
1 0.106250 0.315741 0.020833 0.035185
1 0.125000 0.415741 0.028125 0.055556
