0 0.506250 0.281481 0.322917 0.455556
0 0.503646 0.711111 0.334375 0.531481
1 0.054948 0.392130 0.036979 0.050926
1 0.124479 0.401389 0.028125 0.050926
1 0.335156 0.575000 0.023438 0.042593
1 0.333073 0.614352 0.027604 0.036111
1 0.108854 0.638889 0.030208 0.020370
1 0.106510 0.204167 0.035937 0.041667
1 0.827865 0.147685 0.033854 0.095370
1 0.973437 0.321759 0.029167 0.047222
1 0.778125 0.662963 0.020833 0.044444
1 0.682813 0.786574 0.025000 0.049074
1 0.701042 0.743519 0.018750 0.027778
1 0.742708 0.797685 0.023958 0.058333
