0 0.501563 0.263426 0.326042 0.437963
0 0.496875 0.684722 0.341667 0.502778
1 0.051562 0.389352 0.036458 0.056481
1 0.100781 0.199074 0.035937 0.042593
1 0.103125 0.634722 0.029167 0.026852
1 0.332031 0.571296 0.025521 0.035185
1 0.328385 0.611111 0.024479 0.046296
1 0.683854 0.780556 0.026042 0.044444
1 0.702083 0.740278 0.025000 0.036111
1 0.776302 0.656944 0.024479 0.039815
1 0.742188 0.792130 0.018750 0.052778
1 0.826042 0.136111 0.032292 0.094444
1 0.098698 0.298611 0.018229 0.032407
1 0.119010 0.399537 0.034896 0.049074
