0 0.500521 0.258796 0.331250 0.443519
0 0.502083 0.692130 0.338542 0.541667
1 0.046615 0.385185 0.035937 0.055556
1 0.093750 0.191667 0.034375 0.040741
1 0.330729 0.566204 0.022917 0.039815
1 0.327083 0.605556 0.030208 0.038889
1 0.825521 0.126852 0.032292 0.094444
1 0.972917 0.302315 0.030208 0.047222
1 0.683333 0.770833 0.026042 0.043519
1 0.700000 0.732407 0.018750 0.040741
1 0.740625 0.782870 0.026042 0.056481
1 0.775521 0.647222 0.026042 0.048148
1 0.094792 0.297685 0.018750 0.025000
1 0.703646 0.162963 0.035417 0.048148
1 0.678646 0.506481 0.014583 0.031481
1 0.602604 0.397685 0.029167 0.054630
