0 0.496875 0.243981 0.315625 0.425000
0 0.499740 0.692593 0.333854 0.533333
1 0.042708 0.386574 0.036458 0.063889
1 0.110156 0.399537 0.027604 0.050926
1 0.089844 0.193519 0.036979 0.038889
1 0.823698 0.112963 0.033854 0.094444
1 0.699479 0.153704 0.034375 0.055556
1 0.601823 0.386574 0.028646 0.052778
1 0.775781 0.635185 0.024479 0.059259
1 0.683333 0.762963 0.026042 0.044444
1 0.699740 0.723611 0.020313 0.037963
1 0.742448 0.773611 0.025521 0.058333
1 0.326562 0.562500 0.027083 0.036111
1 0.323177 0.601852 0.029687 0.038889
1 0.984115 0.260185 0.011979 0.038889
1 0.963542 0.225463 0.018750 0.037963
1 0.972917 0.287500 0.032292 0.045370
1 0.353646 0.981481 0.027083 0.037037
1 0.098177 0.632407 0.030729 0.020370
1 0.678385 0.495833 0.018229 0.030556
