0 0.489583 0.251389 0.331250 0.447222
0 0.493229 0.687963 0.342708 0.540741
1 0.038802 0.386574 0.034896 0.054630
1 0.820052 0.099537 0.034896 0.095370
1 0.083854 0.193056 0.040625 0.041667
1 0.323177 0.557407 0.021354 0.038889
1 0.319792 0.595370 0.030208 0.040741
1 0.093229 0.633796 0.031250 0.025000
1 0.679427 0.751852 0.025521 0.044444
1 0.697656 0.710648 0.020313 0.039815
1 0.740885 0.760185 0.027604 0.053704
1 0.788021 0.820833 0.031250 0.039815
1 0.772656 0.624537 0.024479 0.050926
1 0.966927 0.272222 0.028646 0.042593
1 0.960156 0.206481 0.019271 0.038889
1 0.694792 0.141204 0.034375 0.049074
