0 0.480469 0.260648 0.335938 0.436111
0 0.485677 0.663426 0.345313 0.578704
1 0.769271 0.591667 0.028125 0.051852
1 0.022396 0.387500 0.036458 0.054630
1 0.063542 0.189352 0.034375 0.037963
1 0.313542 0.545833 0.020833 0.037963
1 0.310677 0.584722 0.026562 0.037963
1 0.082031 0.632407 0.030729 0.027778
1 0.068490 0.294907 0.020313 0.026852
1 0.088021 0.393519 0.022917 0.053704
1 0.806510 0.059722 0.031771 0.099074
1 0.960938 0.227315 0.032292 0.043519
1 0.677083 0.726389 0.022917 0.043519
1 0.694271 0.684722 0.020833 0.037963
1 0.737760 0.729167 0.026562 0.058333
1 0.348438 0.972222 0.029167 0.042593
