0 0.470052 0.234259 0.346354 0.390741
0 0.483073 0.643519 0.345313 0.551852
1 0.802604 0.049074 0.030208 0.096296
1 0.678646 0.096759 0.037500 0.052778
1 0.585156 0.341667 0.032813 0.050000
1 0.018490 0.387963 0.035937 0.061111
1 0.058854 0.189815 0.042708 0.037037
1 0.065625 0.295833 0.023958 0.028704
1 0.311458 0.543056 0.022917 0.039815
1 0.306510 0.584722 0.029687 0.043519
1 0.958854 0.208796 0.028125 0.047222
1 0.767708 0.579630 0.034375 0.059259
1 0.692969 0.673148 0.027604 0.042593
1 0.677083 0.718056 0.026042 0.052778
1 0.738021 0.720833 0.026042 0.056481
1 0.079687 0.635648 0.030208 0.028704
1 0.351302 0.969907 0.025521 0.039815
1 0.685937 0.927778 0.020833 0.031481
1 0.838021 0.905556 0.021875 0.042593
1 0.086458 0.394444 0.030208 0.048148
