0 0.430208 0.424537 0.310417 0.623148
1 0.614323 0.278241 0.036979 0.067593
1 0.714063 0.110648 0.034375 0.045370
1 0.315885 0.568981 0.025521 0.050926
1 0.740625 0.923611 0.045833 0.078704
1 0.639323 0.606481 0.045312 0.127778
1 0.877083 0.866667 0.025000 0.055556
1 0.391667 0.870370 0.035417 0.050000
1 0.438542 0.722685 0.041667 0.026852
1 0.519792 0.700000 0.010417 0.038889
1 0.271615 0.309722 0.036979 0.050926
1 0.937500 0.380556 0.018750 0.037037
1 0.977865 0.230093 0.023438 0.049074
1 0.509115 0.053241 0.021354 0.041667
1 0.444271 0.065741 0.026042 0.044444
