0 0.469792 0.231019 0.333333 0.397222
0 0.483854 0.646296 0.355208 0.520370
1 0.054688 0.191667 0.039583 0.044444
1 0.019531 0.390741 0.038021 0.059259
1 0.081510 0.634259 0.032813 0.024074
1 0.312760 0.538889 0.025521 0.035185
1 0.309635 0.579167 0.028646 0.039815
1 0.584635 0.332870 0.028646 0.049074
1 0.681250 0.704167 0.025000 0.047222
1 0.697135 0.658796 0.021354 0.041667
1 0.740365 0.704630 0.025521 0.057407
1 0.769271 0.563426 0.029167 0.050926
1 0.958854 0.192593 0.034375 0.046296
1 0.946875 0.131944 0.021875 0.039815
1 0.844010 0.891667 0.021354 0.044444
1 0.788542 0.762037 0.038542 0.040741
