0 0.473438 0.219444 0.329167 0.390741
0 0.493490 0.641204 0.340104 0.526852
1 0.020313 0.387037 0.036458 0.053704
1 0.063542 0.294444 0.023958 0.033333
1 0.058854 0.185185 0.034375 0.050000
1 0.084115 0.631481 0.028646 0.025926
1 0.315625 0.532870 0.025000 0.037963
1 0.312500 0.568981 0.031250 0.039815
1 0.677083 0.076389 0.034375 0.052778
1 0.684635 0.692130 0.027604 0.052778
1 0.699740 0.645370 0.020313 0.037037
1 0.772396 0.551852 0.027083 0.057407
1 0.746094 0.694907 0.023438 0.062037
1 0.359115 0.953704 0.027604 0.046296
1 0.960677 0.176852 0.028646 0.048148
1 0.949740 0.117130 0.023438 0.047222
1 0.848437 0.875000 0.020833 0.042593
