0 0.479167 0.207870 0.336458 0.412037
0 0.500521 0.636111 0.336458 0.512963
1 0.026302 0.382407 0.038021 0.055556
1 0.070312 0.284722 0.022917 0.025000
1 0.096354 0.387037 0.029167 0.048148
1 0.064062 0.176852 0.033333 0.050000
1 0.321615 0.524537 0.025521 0.034259
1 0.320312 0.561111 0.028125 0.042593
1 0.589844 0.317130 0.026562 0.060185
1 0.679688 0.065278 0.034375 0.050926
1 0.687500 0.677315 0.026042 0.049074
1 0.703646 0.635648 0.021875 0.039815
1 0.747656 0.681481 0.028646 0.051852
1 0.777344 0.542593 0.026562 0.051852
1 0.697656 0.891204 0.020313 0.034259
1 0.367448 0.942130 0.028646 0.039815
1 0.851302 0.860185 0.021354 0.038889
1 0.091406 0.624074 0.033854 0.025926
1 0.963021 0.166667 0.030208 0.046296
1 0.951562 0.103241 0.022917 0.039815
