0 0.486719 0.206944 0.339062 0.397222
0 0.502344 0.614815 0.336979 0.518519
1 0.032292 0.374074 0.035417 0.057407
1 0.076823 0.283796 0.020313 0.037963
1 0.101042 0.376852 0.028125 0.044444
1 0.327344 0.512963 0.021354 0.038889
1 0.324219 0.550000 0.027604 0.038889
1 0.098437 0.616667 0.032292 0.027778
1 0.068750 0.175463 0.037500 0.045370
1 0.692969 0.668981 0.028646 0.045370
1 0.708854 0.623611 0.019792 0.041667
1 0.778385 0.529167 0.032813 0.052778
1 0.594531 0.304167 0.026562 0.056481
1 0.372656 0.928704 0.027604 0.037037
1 0.753125 0.672222 0.025000 0.062963
1 0.704167 0.876852 0.020833 0.037037
1 0.961458 0.151852 0.031250 0.048148
1 0.284115 0.119907 0.011979 0.023148
1 0.248177 0.060185 0.013021 0.027778
