0 0.497135 0.606019 0.346354 0.515741
1 0.036198 0.369444 0.036979 0.051852
1 0.078906 0.275926 0.020313 0.031481
1 0.329948 0.504630 0.022396 0.037037
1 0.327344 0.537963 0.030729 0.037037
1 0.101823 0.604630 0.033854 0.025926
1 0.375000 0.918056 0.028125 0.043519
1 0.595052 0.292593 0.026562 0.048148
1 0.683073 0.046296 0.039062 0.061111
1 0.963802 0.142130 0.029687 0.049074
1 0.953385 0.079167 0.021354 0.045370
1 0.780990 0.512963 0.025521 0.057407
1 0.710156 0.609722 0.021354 0.034259
1 0.693229 0.650926 0.027083 0.044444
1 0.753906 0.654167 0.024479 0.054630
1 0.858073 0.831481 0.019271 0.050000
