0 0.499479 0.600463 0.342708 0.536111
1 0.034635 0.356019 0.034896 0.054630
1 0.077083 0.260185 0.022917 0.029630
1 0.070312 0.155556 0.033333 0.038889
1 0.371875 0.905093 0.025000 0.039815
1 0.100781 0.592593 0.028646 0.024074
1 0.328385 0.492130 0.026562 0.036111
1 0.325000 0.529630 0.030208 0.038889
1 0.692187 0.640741 0.026042 0.046296
1 0.707292 0.596759 0.018750 0.037963
1 0.751563 0.639815 0.029167 0.053704
1 0.702604 0.848148 0.020833 0.033333
1 0.855469 0.818519 0.017188 0.042593
1 0.800260 0.701389 0.033854 0.052778
1 0.777344 0.500926 0.024479 0.053704
1 0.962500 0.126852 0.028125 0.046296
1 0.948177 0.853704 0.103646 0.277778
