0 0.491927 0.595370 0.348438 0.542593
1 0.067708 0.139815 0.034375 0.048148
1 0.030990 0.345370 0.034896 0.050000
1 0.076042 0.250000 0.020833 0.035185
1 0.099479 0.347685 0.026042 0.047222
1 0.325781 0.477315 0.025521 0.034259
1 0.321875 0.514352 0.030208 0.037963
1 0.099219 0.583333 0.034896 0.029630
1 0.775781 0.483333 0.028646 0.053704
1 0.707292 0.581481 0.026042 0.037037
1 0.693229 0.622685 0.027083 0.039815
1 0.751302 0.624074 0.025521 0.048148
1 0.589323 0.264815 0.024479 0.057407
1 0.371615 0.893056 0.019271 0.047222
1 0.856250 0.803704 0.022917 0.044444
1 0.798698 0.684722 0.038021 0.054630
1 0.701823 0.835185 0.024479 0.038889
1 0.960938 0.112037 0.028125 0.046296
1 0.946354 0.843056 0.107292 0.265741
