0 0.494271 0.556019 0.344792 0.510185
1 0.030208 0.327778 0.035417 0.053704
1 0.073177 0.235648 0.023438 0.034259
1 0.100260 0.328704 0.030729 0.048148
1 0.324479 0.462037 0.027083 0.037037
1 0.321615 0.497685 0.033854 0.034259
1 0.371354 0.875000 0.026042 0.042593
1 0.690365 0.608796 0.029687 0.041667
1 0.708854 0.564352 0.022917 0.036111
1 0.779687 0.468056 0.030208 0.054630
1 0.749479 0.601852 0.030208 0.053704
1 0.096875 0.563426 0.032292 0.026852
1 0.854427 0.785185 0.020313 0.038889
1 0.942969 0.817130 0.114062 0.275000
1 0.734115 0.931019 0.019271 0.037963
