0 0.495833 0.537500 0.343750 0.525000
1 0.031510 0.313426 0.036979 0.052778
1 0.066406 0.112963 0.033854 0.040741
1 0.100000 0.313889 0.027083 0.051852
1 0.073177 0.215741 0.020313 0.027778
1 0.098177 0.545833 0.030729 0.030556
1 0.324479 0.444907 0.027083 0.032407
1 0.321615 0.479630 0.025521 0.038889
1 0.371354 0.857407 0.027083 0.040741
1 0.776302 0.449074 0.024479 0.053704
1 0.691927 0.589815 0.025521 0.048148
1 0.705208 0.546759 0.021875 0.034259
1 0.590104 0.230093 0.027083 0.050926
1 0.750781 0.588889 0.025521 0.057407
1 0.703385 0.800926 0.021354 0.035185
1 0.958073 0.078241 0.031771 0.049074
1 0.941927 0.807407 0.116146 0.262963
1 0.854948 0.768056 0.021354 0.039815
1 0.736979 0.916204 0.019792 0.034259
1 0.821094 0.980093 0.023438 0.030556
