0 0.500781 0.507407 0.343229 0.516667
1 0.948177 0.772685 0.100521 0.262037
1 0.073698 0.080093 0.042188 0.050926
1 0.040365 0.285185 0.041146 0.050000
1 0.081510 0.198148 0.019271 0.038889
1 0.331250 0.418981 0.023958 0.036111
1 0.329167 0.452315 0.033333 0.037963
1 0.107292 0.520370 0.033333 0.025926
1 0.779687 0.420833 0.028125 0.052778
1 0.957292 0.052778 0.030208 0.050000
1 0.591927 0.205093 0.028646 0.060185
1 0.693750 0.558333 0.026042 0.040741
1 0.708333 0.516204 0.026042 0.039815
1 0.752604 0.558796 0.026042 0.050926
1 0.802865 0.619444 0.034896 0.053704
1 0.377865 0.822685 0.029687 0.036111
1 0.735677 0.881944 0.022396 0.041667
1 0.821354 0.946296 0.020833 0.031481
1 0.704688 0.765741 0.018750 0.035185
