1 0.704167 0.748148 0.025000 0.035185
1 0.737240 0.860185 0.017188 0.042593
1 0.722656 0.926852 0.035937 0.053704
1 0.824479 0.925926 0.021875 0.027778
1 0.855729 0.718056 0.019792 0.039815
0 0.502083 0.495833 0.340625 0.536111
1 0.333073 0.401389 0.024479 0.034259
1 0.330208 0.434259 0.027083 0.035185
1 0.042188 0.270370 0.037500 0.057407
1 0.078906 0.071759 0.039062 0.041667
1 0.957552 0.042593 0.029687 0.050000
1 0.780469 0.407870 0.027604 0.043519
1 0.695312 0.542130 0.032292 0.041667
1 0.711458 0.500463 0.023958 0.028704
1 0.753125 0.542593 0.027083 0.059259
1 0.944792 0.756019 0.110417 0.273148
1 0.083854 0.172685 0.022917 0.028704
1 0.109896 0.272222 0.031250 0.050000
1 0.106250 0.502778 0.031250 0.024074
