0 0.500521 0.467130 0.332292 0.517593
1 0.946094 0.733333 0.107813 0.270370
1 0.041927 0.256944 0.041146 0.058333
1 0.077865 0.047222 0.039062 0.044444
1 0.107031 0.253704 0.027604 0.048148
1 0.332031 0.381019 0.028646 0.037963
1 0.331250 0.418519 0.031250 0.038889
1 0.108333 0.482407 0.031250 0.027778
1 0.692969 0.519444 0.027604 0.042593
1 0.709896 0.480556 0.020833 0.038889
1 0.777865 0.381481 0.027604 0.050000
1 0.751823 0.518981 0.028646 0.050926
1 0.799740 0.579630 0.038021 0.048148
1 0.378646 0.786111 0.025000 0.044444
1 0.591406 0.171759 0.028646 0.050926
1 0.734896 0.838426 0.018750 0.039815
1 0.703385 0.729167 0.025521 0.030556
1 0.819531 0.903704 0.023438 0.033333
