0 0.491146 0.412037 0.328125 0.505556
1 0.045573 0.214352 0.038021 0.058333
1 0.110417 0.214815 0.028125 0.051852
1 0.087240 0.124537 0.021354 0.032407
1 0.328906 0.337500 0.023438 0.030556
1 0.325000 0.372222 0.028125 0.035185
1 0.375000 0.729630 0.021875 0.037037
1 0.695833 0.428241 0.022917 0.037963
1 0.681510 0.472685 0.027604 0.047222
1 0.739583 0.469444 0.026042 0.050000
1 0.761979 0.336574 0.027083 0.047222
1 0.785677 0.530093 0.035937 0.052778
1 0.927865 0.677315 0.105729 0.247222
1 0.981771 0.355556 0.023958 0.053704
1 0.705469 0.843519 0.035937 0.059259
1 0.691927 0.669907 0.019271 0.028704
1 0.806250 0.842593 0.019792 0.029630
1 0.664583 0.963426 0.026042 0.058333
1 0.959635 0.915278 0.025521 0.039815
1 0.189844 0.937963 0.032813 0.042593
1 0.010156 0.965741 0.019271 0.037037
1 0.109635 0.434722 0.029687 0.026852
