0 0.490104 0.393519 0.329167 0.466667
1 0.926302 0.664815 0.099479 0.246296
1 0.048438 0.202315 0.034375 0.054630
1 0.110417 0.200463 0.028125 0.050926
1 0.087500 0.114815 0.019792 0.029630
1 0.327344 0.326389 0.022396 0.030556
1 0.326823 0.360648 0.032813 0.037963
1 0.111458 0.424537 0.030208 0.026852
1 0.189062 0.923148 0.031250 0.044444
1 0.375000 0.714815 0.026042 0.038889
1 0.703906 0.830556 0.031771 0.051852
1 0.688281 0.657407 0.017188 0.031481
1 0.677344 0.459259 0.025521 0.038889
1 0.693490 0.416667 0.019271 0.035185
1 0.759375 0.325000 0.026042 0.051852
1 0.977344 0.340741 0.023438 0.059259
1 0.734375 0.456481 0.023958 0.048148
1 0.953125 0.901852 0.030208 0.037037
1 0.801302 0.829167 0.021354 0.034259
