0 0.490365 0.396759 0.320312 0.487963
1 0.051562 0.192593 0.040625 0.050000
1 0.115885 0.192130 0.028646 0.049074
1 0.329167 0.315741 0.023958 0.033333
1 0.326042 0.350463 0.030208 0.036111
1 0.116667 0.412963 0.034375 0.024074
1 0.191927 0.905093 0.031771 0.041667
1 0.798698 0.811574 0.018229 0.032407
1 0.754427 0.313426 0.027604 0.056481
1 0.673438 0.446296 0.026042 0.040741
1 0.688802 0.406019 0.023438 0.036111
1 0.730469 0.443056 0.027604 0.050926
1 0.577344 0.112037 0.026562 0.050000
1 0.970833 0.325926 0.021875 0.053704
1 0.948177 0.885185 0.026562 0.038889
1 0.700781 0.812963 0.030729 0.048148
1 0.917708 0.647222 0.104167 0.248148
