0 0.488802 0.379167 0.323437 0.495370
1 0.056250 0.178704 0.035417 0.059259
1 0.330729 0.300463 0.018750 0.028704
1 0.330469 0.332407 0.028646 0.044444
1 0.673958 0.429167 0.023958 0.037963
1 0.689323 0.387963 0.020313 0.035185
1 0.700521 0.793056 0.032292 0.049074
1 0.717708 0.731944 0.015625 0.034259
1 0.798438 0.793519 0.020833 0.027778
1 0.918229 0.615278 0.103125 0.278704
1 0.194531 0.884259 0.036979 0.044444
1 0.375260 0.680556 0.025521 0.038889
1 0.116667 0.395833 0.028125 0.026852
1 0.754948 0.296296 0.025521 0.048148
1 0.730208 0.424537 0.025000 0.047222
1 0.947135 0.863426 0.027604 0.041667
