0 0.494010 0.371759 0.319271 0.454630
1 0.055469 0.159722 0.033854 0.052778
1 0.120573 0.164815 0.028646 0.050000
1 0.096094 0.076389 0.021354 0.039815
1 0.332552 0.281019 0.026562 0.032407
1 0.328906 0.315741 0.027604 0.040741
1 0.118750 0.378704 0.032292 0.029630
1 0.378125 0.661111 0.023958 0.031481
1 0.198698 0.864815 0.032813 0.044444
1 0.754167 0.277315 0.023958 0.049074
1 0.689844 0.369444 0.021354 0.033333
1 0.673958 0.408333 0.027083 0.048148
1 0.915885 0.597685 0.109896 0.265741
1 0.829427 0.576389 0.017188 0.037963
1 0.732031 0.408796 0.024479 0.062037
1 0.969010 0.292130 0.023438 0.056481
1 0.948698 0.840278 0.025521 0.039815
1 0.686198 0.601389 0.021354 0.034259
1 0.578646 0.081944 0.022917 0.052778
1 0.776823 0.468981 0.034896 0.049074
1 0.700521 0.771759 0.031250 0.047222
1 0.799219 0.773148 0.019271 0.024074
1 0.795312 0.951389 0.039583 0.067593
