0 0.488281 0.349074 0.326562 0.492593
1 0.057552 0.153704 0.040104 0.055556
1 0.121354 0.151852 0.025000 0.048148
1 0.098437 0.067130 0.019792 0.032407
1 0.333073 0.268981 0.024479 0.026852
1 0.329427 0.300926 0.028646 0.035185
1 0.122656 0.365278 0.029687 0.026852
1 0.674479 0.396296 0.026042 0.042593
1 0.690885 0.356019 0.020313 0.032407
1 0.756250 0.264352 0.020833 0.047222
1 0.732552 0.394444 0.027604 0.051852
1 0.199479 0.854167 0.031250 0.037963
1 0.919271 0.597222 0.102083 0.240741
1 0.664583 0.875000 0.026042 0.051852
1 0.792969 0.937500 0.042188 0.065741
1 0.348438 0.556481 0.019792 0.037037
1 0.776823 0.455556 0.033854 0.050000
1 0.968490 0.280556 0.019271 0.055556
1 0.799479 0.762500 0.019792 0.028704
1 0.948177 0.825926 0.026562 0.035185
1 0.702083 0.759722 0.032292 0.049074
1 0.718750 0.700926 0.017708 0.035185
1 0.579688 0.067593 0.025000 0.048148
