0 0.494531 0.325000 0.321354 0.514815
1 0.058854 0.137500 0.035417 0.056481
1 0.675260 0.384722 0.022396 0.036111
1 0.692187 0.348148 0.020833 0.037037
1 0.730990 0.387037 0.022396 0.048148
1 0.686719 0.580093 0.019271 0.028704
1 0.122917 0.354167 0.028125 0.028704
1 0.198698 0.843056 0.033854 0.047222
1 0.024740 0.871759 0.020313 0.043519
1 0.718490 0.686111 0.016146 0.037037
1 0.799740 0.748611 0.020313 0.026852
1 0.829688 0.554630 0.019792 0.042593
1 0.947396 0.814815 0.027083 0.037037
1 0.335417 0.260185 0.022917 0.029630
1 0.333073 0.292130 0.026562 0.041667
1 0.755990 0.253241 0.023438 0.049074
1 0.968750 0.268981 0.030208 0.052778
1 0.920052 0.583796 0.091146 0.232407
