0 0.493229 0.306944 0.322917 0.513889
1 0.919010 0.570370 0.097396 0.264815
1 0.056771 0.126389 0.038542 0.050926
1 0.121094 0.126852 0.028646 0.044444
1 0.331510 0.245833 0.024479 0.032407
1 0.331250 0.279630 0.028125 0.035185
1 0.691146 0.333333 0.019792 0.031481
1 0.676302 0.369907 0.024479 0.043519
1 0.732031 0.371759 0.021354 0.052778
1 0.755208 0.243056 0.022917 0.050926
1 0.379688 0.629167 0.020833 0.045370
1 0.796354 0.914352 0.043750 0.069444
1 0.798958 0.731481 0.017708 0.025926
1 0.717708 0.673611 0.018750 0.036111
1 0.685677 0.566204 0.022396 0.025000
1 0.198958 0.829630 0.036458 0.050000
1 0.024479 0.862037 0.019792 0.037037
