0 0.487760 0.303704 0.323437 0.498148
1 0.054167 0.110648 0.035417 0.056481
1 0.115885 0.108796 0.020313 0.047222
1 0.329688 0.228241 0.025000 0.030556
1 0.327604 0.259259 0.030208 0.037037
1 0.195052 0.809259 0.034896 0.050000
1 0.018229 0.842130 0.018750 0.039815
1 0.673698 0.351852 0.023438 0.037037
1 0.688542 0.315278 0.017708 0.036111
1 0.753906 0.221759 0.019271 0.045370
1 0.966667 0.235648 0.023958 0.052778
1 0.729948 0.350463 0.024479 0.049074
1 0.684896 0.547222 0.020833 0.027778
1 0.914844 0.556019 0.105729 0.247222
1 0.944271 0.782407 0.027083 0.037037
1 0.794792 0.716667 0.023958 0.033333
1 0.715885 0.653241 0.015104 0.037963
1 0.827344 0.523611 0.022396 0.041667
1 0.775000 0.412500 0.033333 0.049074
1 0.955469 0.670833 0.026562 0.039815
