0 0.484635 0.285185 0.321354 0.503704
1 0.048177 0.089352 0.036979 0.054630
1 0.322917 0.207870 0.026042 0.034259
1 0.322656 0.238889 0.027604 0.040741
1 0.111719 0.300463 0.027604 0.028704
1 0.110417 0.089352 0.020833 0.045370
1 0.650521 0.100926 0.017708 0.031481
1 0.190365 0.789815 0.034896 0.044444
1 0.110677 0.957870 0.030729 0.060185
1 0.709896 0.633333 0.016667 0.038889
1 0.669271 0.331481 0.022917 0.033333
1 0.682552 0.292593 0.018229 0.033333
1 0.721094 0.326852 0.025521 0.051852
1 0.939583 0.763889 0.026042 0.038889
1 0.748698 0.200000 0.022396 0.051852
1 0.959375 0.215741 0.025000 0.057407
1 0.769531 0.392593 0.031771 0.051852
1 0.371094 0.586574 0.026562 0.037963
1 0.909115 0.534722 0.108854 0.236111
1 0.813542 0.939352 0.026042 0.054630
1 0.822917 0.503241 0.017708 0.039815
