1 0.046094 0.070833 0.034896 0.052778
1 0.107813 0.068519 0.028125 0.050000
1 0.318490 0.191667 0.024479 0.033333
1 0.319010 0.220370 0.029687 0.031481
1 0.108594 0.281481 0.035937 0.025926
1 0.184635 0.767130 0.031771 0.049074
1 0.662500 0.314815 0.023958 0.038889
1 0.677604 0.276852 0.021875 0.035185
1 0.718229 0.312037 0.025000 0.051852
1 0.742969 0.184722 0.020313 0.056481
1 0.763281 0.375463 0.031771 0.047222
1 0.684375 0.680556 0.040625 0.068519
1 0.808073 0.918981 0.020313 0.060185
1 0.930990 0.742593 0.025521 0.038889
1 0.902083 0.512500 0.102083 0.245370
1 0.943229 0.629630 0.023958 0.038889
1 0.953125 0.200000 0.021875 0.057407
1 0.979688 0.262037 0.022917 0.035185
1 0.671875 0.509259 0.020833 0.031481
