1 0.670312 0.622222 0.035417 0.061111
1 0.895573 0.471759 0.094271 0.247222
1 0.354167 0.501389 0.028125 0.041667
1 0.312500 0.125000 0.025000 0.029630
1 0.309375 0.153241 0.022917 0.034259
1 0.651823 0.256019 0.023438 0.037963
1 0.666146 0.220833 0.021875 0.036111
1 0.708333 0.258796 0.026042 0.047222
1 0.945052 0.156019 0.023438 0.060185
1 0.170573 0.697222 0.032813 0.048148
1 0.089844 0.860185 0.032813 0.053704
1 0.794792 0.865741 0.021875 0.053704
1 0.761979 0.945370 0.026042 0.061111
1 0.917188 0.693981 0.023958 0.034259
1 0.733333 0.131481 0.021875 0.050000
1 0.752083 0.313426 0.032292 0.036111
