1 0.884896 0.454630 0.104167 0.242593
1 0.664844 0.208796 0.020313 0.037963
1 0.731510 0.121296 0.025521 0.053704
1 0.166406 0.677778 0.032813 0.050000
1 0.083073 0.842593 0.034896 0.055556
1 0.914844 0.687963 0.022396 0.038889
1 0.767448 0.616204 0.019271 0.026852
1 0.665365 0.612500 0.042188 0.073148
1 0.750000 0.304167 0.029167 0.041667
1 0.942708 0.144444 0.022917 0.055556
1 0.977604 0.445370 0.044792 0.070370
1 0.363021 0.867130 0.023958 0.041667
1 0.785937 0.856481 0.021875 0.057407
1 0.754167 0.932870 0.028125 0.056481
1 0.801042 0.422222 0.021875 0.042593
1 0.757292 0.446759 0.035417 0.063889
1 0.704427 0.246296 0.028646 0.055556
1 0.966927 0.208796 0.020313 0.030556
1 0.311198 0.109722 0.023438 0.030556
1 0.309896 0.140278 0.030208 0.039815
1 0.320312 0.393981 0.025000 0.037963
1 0.351562 0.485648 0.022917 0.041667
