0 0.420312 0.165278 0.206250 0.297222
0 0.422396 0.400463 0.279167 0.323148
0 0.436719 0.600463 0.272396 0.415741
1 0.699479 0.101852 0.050000 0.064815
1 0.830208 0.070833 0.029167 0.063889
1 0.621094 0.169444 0.027604 0.075926
1 0.761719 0.545833 0.040104 0.065741
1 0.744271 0.582407 0.039583 0.048148
1 0.293750 0.862963 0.044792 0.074074
1 0.047135 0.629630 0.032813 0.044444
1 0.192708 0.489815 0.035417 0.059259
1 0.752604 0.702315 0.014583 0.032407
1 0.099219 0.027315 0.029687 0.039815
1 0.624479 0.275463 0.038542 0.067593
1 0.565885 0.329167 0.021354 0.026852
1 0.657031 0.227315 0.027604 0.073148
