0 0.425781 0.472685 0.311979 0.617593
1 0.267188 0.353704 0.034375 0.057407
1 0.935156 0.445370 0.023438 0.038889
1 0.976042 0.285648 0.021875 0.045370
1 0.713021 0.167593 0.032292 0.048148
1 0.508854 0.101852 0.020833 0.042593
1 0.445312 0.109722 0.022917 0.047222
1 0.392708 0.199537 0.023958 0.052778
1 0.309896 0.612963 0.022917 0.053704
1 0.375781 0.921759 0.025521 0.045370
1 0.510938 0.753704 0.012500 0.038889
1 0.430208 0.772685 0.041667 0.030556
1 0.612240 0.330093 0.036979 0.063889
1 0.867969 0.922685 0.025521 0.056481
