1 0.647135 0.239352 0.025521 0.041667
1 0.663802 0.200926 0.021354 0.035185
1 0.730469 0.113426 0.023438 0.062037
1 0.704427 0.238426 0.024479 0.056481
1 0.940625 0.143519 0.023958 0.051852
1 0.360938 0.852778 0.017708 0.031481
1 0.164323 0.661574 0.031771 0.047222
1 0.625781 0.710185 0.023438 0.061111
1 0.661719 0.601852 0.047396 0.074074
1 0.910417 0.682870 0.027083 0.037963
1 0.748177 0.924537 0.028646 0.058333
1 0.883073 0.453704 0.104688 0.238889
1 0.781771 0.848148 0.021875 0.059259
1 0.764583 0.606944 0.019792 0.028704
1 0.798698 0.420370 0.021354 0.038889
1 0.748698 0.296296 0.030729 0.037037
1 0.310677 0.094444 0.026562 0.031481
1 0.307552 0.126389 0.028646 0.043519
