1 0.881510 0.450463 0.104688 0.236111
1 0.311198 0.078241 0.023438 0.028704
1 0.307812 0.105556 0.026042 0.038889
1 0.098437 0.154167 0.028125 0.026852
1 0.345833 0.456019 0.026042 0.039815
1 0.162760 0.640741 0.031771 0.050000
1 0.355729 0.837963 0.017708 0.038889
1 0.648177 0.226852 0.024479 0.044444
1 0.733594 0.106019 0.024479 0.047222
1 0.703385 0.228704 0.026562 0.051852
1 0.666146 0.190278 0.021875 0.036111
1 0.941927 0.138426 0.018229 0.050926
1 0.967708 0.204167 0.025000 0.028704
1 0.798698 0.408796 0.021354 0.043519
1 0.780208 0.840278 0.019792 0.052778
1 0.745833 0.916667 0.032292 0.057407
1 0.852604 0.943981 0.012500 0.036111
1 0.660417 0.593981 0.041667 0.062037
0 0.498437 0.499074 0.288542 0.294444
