0 0.504687 0.481481 0.291667 0.305556
1 0.161979 0.618056 0.033333 0.045370
1 0.346615 0.436574 0.023438 0.032407
1 0.736198 0.093519 0.025521 0.048148
1 0.946354 0.129630 0.021875 0.057407
1 0.970052 0.191204 0.020313 0.030556
1 0.651042 0.211111 0.021875 0.037037
1 0.667188 0.178704 0.019792 0.037037
1 0.706250 0.216667 0.028125 0.048148
1 0.660677 0.578704 0.040104 0.066667
1 0.751563 0.284722 0.032292 0.050926
1 0.655469 0.409722 0.022396 0.032407
1 0.884115 0.441667 0.102604 0.231481
1 0.800000 0.399537 0.018750 0.043519
1 0.763021 0.591204 0.020833 0.028704
1 0.976562 0.433333 0.044792 0.061111
1 0.353646 0.818981 0.017708 0.032407
1 0.779427 0.831481 0.022396 0.057407
1 0.743750 0.905093 0.028125 0.056481
1 0.909375 0.669907 0.029167 0.036111
1 0.850000 0.933796 0.014583 0.041667
