0 0.501563 0.464352 0.300000 0.293519
1 0.883594 0.428704 0.103646 0.235185
1 0.310937 0.038889 0.019792 0.029630
1 0.309896 0.069444 0.028125 0.038889
1 0.155469 0.600000 0.032813 0.050000
1 0.349479 0.804167 0.016667 0.032407
1 0.736458 0.080556 0.023958 0.048148
1 0.652083 0.200000 0.022917 0.040741
1 0.708073 0.200926 0.021354 0.050000
1 0.947656 0.118519 0.019271 0.051852
1 0.751302 0.264352 0.033854 0.034259
1 0.977344 0.424537 0.045312 0.058333
1 0.661458 0.568519 0.043750 0.070370
1 0.908073 0.659722 0.028646 0.037963
1 0.740365 0.893519 0.029687 0.053704
1 0.777604 0.822685 0.019792 0.054630
1 0.761719 0.578704 0.022396 0.027778
1 0.798958 0.389815 0.021875 0.035185
1 0.654948 0.394907 0.019271 0.030556
