0 0.493750 0.452315 0.306250 0.291667
1 0.310156 0.021759 0.025521 0.028704
1 0.305469 0.055093 0.027604 0.037963
1 0.150521 0.585185 0.032292 0.048148
1 0.061719 0.737963 0.031771 0.048148
1 0.344792 0.793519 0.016667 0.040741
1 0.734635 0.067130 0.023438 0.054630
1 0.648698 0.185648 0.025521 0.039815
1 0.666406 0.151852 0.020313 0.037037
1 0.704688 0.191667 0.023958 0.057407
1 0.947135 0.107870 0.023438 0.056481
1 0.972135 0.175000 0.025521 0.029630
1 0.749740 0.251852 0.033854 0.033333
1 0.652083 0.383796 0.018750 0.034259
1 0.878646 0.418981 0.116667 0.236111
1 0.922396 0.537963 0.021875 0.037037
1 0.975000 0.416667 0.050000 0.057407
1 0.655729 0.556019 0.043750 0.062037
1 0.905729 0.652778 0.023958 0.038889
1 0.736979 0.888426 0.031250 0.056481
1 0.845052 0.919444 0.015104 0.031481
1 0.759635 0.569907 0.021354 0.032407
