0 0.493229 0.442130 0.298958 0.308333
1 0.141406 0.568519 0.033854 0.048148
1 0.334896 0.778241 0.019792 0.036111
1 0.876302 0.409259 0.106771 0.231481
1 0.644792 0.175926 0.025000 0.038889
1 0.732031 0.055556 0.021354 0.053704
1 0.943750 0.098611 0.021875 0.054630
1 0.968750 0.162963 0.023958 0.029630
1 0.700521 0.177778 0.028125 0.053704
1 0.651302 0.546759 0.040104 0.065741
1 0.900521 0.643519 0.027083 0.040741
1 0.767448 0.800000 0.020313 0.046296
1 0.052865 0.725000 0.032813 0.046296
1 0.730208 0.878241 0.031250 0.058333
1 0.838542 0.912037 0.018750 0.037037
1 0.973177 0.408333 0.046354 0.059259
