0 0.482292 0.423611 0.303125 0.312037
1 0.637240 0.158333 0.023438 0.042593
1 0.725260 0.043519 0.022396 0.053704
1 0.939583 0.087963 0.021875 0.062963
1 0.132292 0.552778 0.031250 0.048148
1 0.041146 0.707407 0.034375 0.051852
1 0.326562 0.763426 0.020833 0.034259
1 0.869271 0.399537 0.109375 0.236111
1 0.895052 0.632870 0.027604 0.037963
1 0.966927 0.396296 0.046354 0.057407
1 0.723698 0.868519 0.028646 0.055556
1 0.759635 0.791667 0.021354 0.059259
1 0.830469 0.901852 0.015104 0.040741
1 0.971094 0.480093 0.053646 0.108333
1 0.693750 0.163426 0.022917 0.058333
1 0.740104 0.230556 0.032292 0.029630
1 0.963542 0.152778 0.022917 0.025926
