0 0.475000 0.424537 0.312500 0.308333
0 0.449479 0.735648 0.239583 0.387963
1 0.123438 0.539352 0.030208 0.050926
1 0.318229 0.752778 0.019792 0.037037
1 0.316146 0.360648 0.028125 0.039815
1 0.630208 0.146296 0.026042 0.040741
1 0.720313 0.028704 0.021875 0.050000
1 0.733594 0.215741 0.029687 0.033333
1 0.864844 0.387963 0.106771 0.227778
1 0.635938 0.519907 0.040625 0.065741
1 0.750260 0.781944 0.020313 0.056481
1 0.714063 0.858333 0.027083 0.057407
1 0.931771 0.077315 0.023958 0.054630
1 0.956771 0.141667 0.023958 0.027778
1 0.959375 0.383333 0.051042 0.061111
1 0.966406 0.459259 0.058854 0.088889
1 0.886458 0.621759 0.028125 0.032407
1 0.739323 0.537500 0.023438 0.030556
1 0.686458 0.150000 0.028125 0.051852
