0 0.468490 0.406481 0.297396 0.318519
0 0.443750 0.708333 0.232292 0.337037
1 0.115104 0.528241 0.034375 0.050926
1 0.026042 0.678704 0.031250 0.044444
1 0.312240 0.739815 0.018229 0.033333
1 0.063281 0.025463 0.029687 0.028704
1 0.707031 0.848148 0.028646 0.057407
1 0.816406 0.881481 0.017188 0.037037
1 0.745833 0.772222 0.021875 0.053704
1 0.717708 0.701852 0.044792 0.066667
1 0.732812 0.528704 0.021875 0.031481
1 0.882031 0.613889 0.026562 0.040741
1 0.855208 0.378704 0.115625 0.229630
1 0.629948 0.496296 0.024479 0.044444
1 0.626042 0.136574 0.022917 0.043519
1 0.683333 0.144907 0.030208 0.058333
1 0.926302 0.066204 0.021354 0.060185
1 0.952083 0.132407 0.023958 0.029630
1 0.955469 0.378704 0.051562 0.066667
1 0.960417 0.452315 0.057292 0.095370
1 0.897917 0.501389 0.025000 0.037963
