0 0.456510 0.390278 0.315104 0.325000
0 0.436198 0.694444 0.234896 0.398148
1 0.109896 0.514815 0.032292 0.050000
1 0.620313 0.126389 0.023958 0.043519
1 0.636198 0.091204 0.018229 0.028704
1 0.677083 0.131481 0.025000 0.053704
1 0.923177 0.058796 0.027604 0.052778
1 0.948438 0.126852 0.021875 0.025926
1 0.949740 0.366667 0.050521 0.064815
1 0.953125 0.443519 0.054167 0.092593
1 0.875781 0.604630 0.027604 0.040741
1 0.625260 0.488889 0.025521 0.044444
1 0.621094 0.328704 0.026562 0.031481
1 0.306510 0.730093 0.019271 0.030556
1 0.701823 0.836111 0.027604 0.055556
1 0.710417 0.687500 0.041667 0.071296
1 0.810677 0.873611 0.015104 0.032407
1 0.850781 0.368056 0.104688 0.232407
1 0.894010 0.492130 0.025521 0.034259
