0 0.455208 0.368056 0.301042 0.323148
0 0.430469 0.696759 0.235937 0.382407
1 0.102604 0.498611 0.032292 0.052778
1 0.297656 0.714352 0.018229 0.037963
1 0.617708 0.475926 0.029167 0.048148
1 0.616927 0.316667 0.019271 0.035185
1 0.633073 0.077778 0.020313 0.038889
1 0.671615 0.118519 0.028646 0.057407
1 0.845313 0.353704 0.111458 0.227778
1 0.733594 0.747685 0.026562 0.056481
1 0.696354 0.820833 0.028125 0.050926
1 0.869271 0.590278 0.025000 0.037963
1 0.888542 0.481019 0.027083 0.036111
1 0.946875 0.357407 0.052083 0.064815
1 0.948698 0.430093 0.060937 0.091667
1 0.722135 0.503704 0.019271 0.031481
1 0.804167 0.859722 0.015625 0.036111
1 0.578646 0.598148 0.023958 0.057407
