1 0.570573 0.582407 0.025521 0.057407
0 0.447396 0.363426 0.304167 0.337963
0 0.425260 0.680556 0.243229 0.379630
1 0.097135 0.478704 0.032813 0.053704
1 0.610938 0.292593 0.022917 0.033333
1 0.627083 0.055093 0.017708 0.030556
1 0.609896 0.088426 0.026042 0.036111
1 0.940104 0.091667 0.023958 0.033333
1 0.759635 0.293981 0.025521 0.039815
1 0.844531 0.341204 0.108854 0.230556
1 0.883333 0.460185 0.029167 0.040741
1 0.865885 0.577315 0.026562 0.043519
1 0.613021 0.455556 0.028125 0.042593
1 0.691927 0.806944 0.026562 0.054630
1 0.729167 0.731019 0.020833 0.054630
1 0.292187 0.695370 0.018750 0.033333
1 0.943490 0.336574 0.047396 0.063889
1 0.947396 0.415741 0.059375 0.094444
