0 0.447135 0.384259 0.317188 0.383333
0 0.425781 0.658796 0.239063 0.410185
1 0.090885 0.455556 0.033854 0.057407
1 0.939844 0.317593 0.046354 0.061111
1 0.840885 0.317130 0.119271 0.237963
1 0.622135 0.033796 0.019271 0.036111
1 0.607292 0.068519 0.026042 0.044444
1 0.287500 0.673148 0.022917 0.042593
1 0.709375 0.141667 0.030208 0.038889
1 0.755729 0.273148 0.021875 0.038889
1 0.880729 0.438889 0.025000 0.042593
1 0.608854 0.433796 0.026042 0.039815
1 0.713542 0.464815 0.020833 0.029630
1 0.937760 0.069444 0.021354 0.029630
1 0.686979 0.787037 0.028125 0.044444
1 0.723437 0.709722 0.020833 0.050926
1 0.794271 0.818519 0.015625 0.037037
1 0.567708 0.560185 0.022917 0.055556
1 0.663021 0.073611 0.022917 0.052778
