0 0.440104 0.323148 0.302083 0.368519
0 0.423698 0.588426 0.253646 0.308333
1 0.603125 0.041667 0.025000 0.044444
1 0.086198 0.429630 0.032813 0.044444
1 0.708073 0.120833 0.034896 0.036111
1 0.836458 0.287963 0.114583 0.237037
1 0.606510 0.406944 0.027604 0.045370
1 0.563281 0.537500 0.022396 0.062037
1 0.720052 0.687037 0.021354 0.053704
1 0.681510 0.757407 0.031771 0.055556
1 0.858594 0.531481 0.027604 0.044444
1 0.877604 0.416667 0.028125 0.042593
1 0.937760 0.294444 0.051562 0.068519
1 0.940104 0.371296 0.056250 0.092593
1 0.710417 0.443056 0.018750 0.028704
