1 0.708594 0.416667 0.018229 0.031481
0 0.433854 0.275000 0.312500 0.324074
0 0.408854 0.576852 0.240625 0.342593
1 0.079948 0.401389 0.039062 0.050926
1 0.223438 0.956944 0.034375 0.047222
1 0.276562 0.618519 0.019792 0.038889
1 0.836719 0.283796 0.107813 0.208333
1 0.603646 0.381481 0.027083 0.042593
1 0.935417 0.269907 0.047917 0.065741
1 0.939583 0.345370 0.055208 0.100000
1 0.877604 0.393056 0.028125 0.043519
1 0.857292 0.506019 0.026042 0.037963
1 0.705469 0.102315 0.030729 0.050926
1 0.679948 0.736111 0.028646 0.055556
1 0.754167 0.225000 0.020833 0.044444
1 0.718229 0.662500 0.020833 0.056481
1 0.562760 0.506944 0.027604 0.062037
1 0.241406 0.898148 0.021354 0.050000
1 0.787240 0.772685 0.017188 0.030556
