0 0.427604 0.236574 0.316667 0.323148
0 0.406250 0.542593 0.252083 0.366667
1 0.838281 0.239815 0.115104 0.240741
1 0.602083 0.353241 0.027083 0.043519
1 0.238281 0.872685 0.023438 0.045370
1 0.220312 0.928241 0.031250 0.041667
1 0.558854 0.482870 0.023958 0.062037
1 0.715625 0.637500 0.023958 0.052778
1 0.856510 0.481944 0.027604 0.041667
1 0.678646 0.713426 0.028125 0.056481
1 0.786979 0.749537 0.014583 0.037963
1 0.273698 0.593519 0.018229 0.027778
1 0.753125 0.198148 0.021875 0.037037
1 0.706771 0.388889 0.021875 0.029630
1 0.936198 0.245370 0.045312 0.064815
1 0.938802 0.322222 0.057813 0.088889
