0 0.435677 0.209259 0.305729 0.322222
0 0.409375 0.518519 0.244792 0.368519
1 0.603385 0.325000 0.025521 0.046296
1 0.839583 0.212500 0.112500 0.230556
1 0.706250 0.033796 0.032292 0.039815
1 0.073698 0.337037 0.034896 0.053704
1 0.237760 0.846296 0.023438 0.046296
1 0.220312 0.901852 0.027083 0.044444
1 0.560417 0.455556 0.026042 0.053704
1 0.754167 0.171759 0.022917 0.045370
1 0.708594 0.362037 0.020313 0.035185
1 0.858854 0.452778 0.030208 0.037037
1 0.678906 0.682870 0.030729 0.058333
1 0.717969 0.608796 0.025521 0.052778
1 0.938802 0.216667 0.046354 0.068519
1 0.941667 0.294444 0.060417 0.098148
