0 0.434635 0.191204 0.307812 0.354630
0 0.407031 0.497685 0.256771 0.354630
1 0.221094 0.880556 0.026562 0.053704
1 0.234896 0.823611 0.026042 0.045370
1 0.073958 0.314815 0.034375 0.050000
1 0.840365 0.191667 0.115104 0.233333
1 0.604167 0.301852 0.026042 0.046296
1 0.560677 0.433796 0.028646 0.062037
1 0.756250 0.145833 0.020833 0.036111
1 0.720313 0.589352 0.020833 0.052778
1 0.680208 0.662500 0.028125 0.050926
1 0.860938 0.433796 0.023958 0.037963
1 0.710417 0.340741 0.018750 0.029630
1 0.942708 0.194907 0.045833 0.062037
1 0.945833 0.271296 0.056250 0.094444
1 0.625521 0.249537 0.021875 0.039815
1 0.603385 0.138426 0.022396 0.034259
1 0.691667 0.513889 0.040625 0.064815
