0 0.440885 0.170833 0.308854 0.339815
0 0.410938 0.471296 0.238542 0.368519
1 0.607552 0.280556 0.022396 0.044444
1 0.278906 0.518519 0.020313 0.037037
1 0.223438 0.854167 0.026042 0.045370
1 0.239844 0.799537 0.020313 0.045370
1 0.792448 0.680556 0.013021 0.037037
1 0.682813 0.641667 0.032292 0.051852
1 0.863542 0.412037 0.027083 0.042593
1 0.944271 0.177778 0.047917 0.061111
1 0.947656 0.257870 0.063021 0.097222
1 0.846094 0.170370 0.108854 0.231481
1 0.564063 0.415741 0.025000 0.059259
1 0.223177 0.950463 0.022396 0.045370
1 0.714063 0.320370 0.022917 0.031481
1 0.758854 0.126852 0.019792 0.040741
1 0.722396 0.568981 0.021875 0.052778
1 0.693490 0.494444 0.041146 0.062963
1 0.606771 0.117593 0.020833 0.031481
1 0.075521 0.289352 0.034375 0.049074
