1 0.244271 0.778241 0.020833 0.041667
1 0.569271 0.390741 0.026042 0.061111
1 0.613021 0.258333 0.023958 0.042593
1 0.848437 0.150000 0.112500 0.235185
1 0.889062 0.278241 0.023958 0.039815
1 0.869010 0.392593 0.027604 0.040741
1 0.718750 0.299074 0.021875 0.035185
1 0.948698 0.156481 0.048438 0.064815
1 0.950521 0.232870 0.060417 0.093519
1 0.226042 0.831019 0.021875 0.045370
1 0.762240 0.106019 0.025521 0.045370
1 0.685156 0.617593 0.027604 0.062963
1 0.725000 0.545370 0.021875 0.062963
1 0.796875 0.662500 0.012500 0.034259
1 0.227604 0.928704 0.020833 0.048148
1 0.078125 0.268981 0.034375 0.050926
1 0.611719 0.097222 0.021354 0.033333
1 0.278906 0.494907 0.022396 0.037963
