0 0.422135 0.509259 0.309896 0.627778
1 0.262760 0.388426 0.036979 0.065741
1 0.505469 0.134722 0.018229 0.047222
1 0.930729 0.481481 0.021875 0.037037
1 0.972917 0.325000 0.020833 0.044444
1 0.370312 0.959259 0.020833 0.038889
1 0.506771 0.786111 0.011458 0.033333
1 0.388542 0.232407 0.022917 0.050000
1 0.609635 0.367130 0.036979 0.071296
1 0.688542 0.817593 0.025000 0.062963
1 0.864844 0.962500 0.026562 0.049074
1 0.335677 0.046296 0.025521 0.035185
1 0.709115 0.201389 0.034896 0.052778
1 0.937240 0.032407 0.036979 0.040741
