1 0.084115 0.246296 0.034896 0.048148
1 0.616146 0.074074 0.021875 0.029630
1 0.616667 0.237963 0.030208 0.050000
1 0.853646 0.128704 0.111458 0.233333
1 0.769792 0.085648 0.021875 0.039815
1 0.572656 0.371759 0.025521 0.062037
1 0.723437 0.283333 0.019792 0.031481
1 0.730208 0.527315 0.022917 0.056481
1 0.689583 0.601852 0.030208 0.057407
1 0.872135 0.373611 0.029687 0.041667
1 0.953646 0.137963 0.050000 0.062963
1 0.954948 0.213889 0.053646 0.088889
1 0.704167 0.453241 0.044792 0.062037
1 0.800521 0.643056 0.016667 0.034259
1 0.249479 0.758333 0.020833 0.042593
1 0.231510 0.814815 0.028646 0.044444
1 0.231510 0.908796 0.023438 0.043519
1 0.365625 0.805556 0.018750 0.027778
1 0.353385 0.837963 0.010937 0.022222
1 0.284896 0.475926 0.019792 0.038889
