1 0.860677 0.115278 0.109896 0.228704
1 0.624219 0.223148 0.023438 0.044444
1 0.775521 0.068981 0.018750 0.041667
1 0.900260 0.241667 0.022396 0.040741
1 0.728906 0.263426 0.022396 0.032407
1 0.579427 0.356481 0.026562 0.061111
1 0.709635 0.437963 0.042188 0.068519
1 0.252083 0.742593 0.020833 0.042593
1 0.236719 0.798148 0.030729 0.042593
1 0.371615 0.786574 0.019271 0.028704
1 0.358073 0.818056 0.014063 0.019444
1 0.696354 0.585185 0.028125 0.057407
1 0.879167 0.357407 0.027083 0.042593
1 0.738281 0.511111 0.022396 0.057407
1 0.288281 0.456944 0.019271 0.032407
1 0.807031 0.626852 0.017188 0.035185
1 0.086979 0.227315 0.035417 0.052778
1 0.960417 0.120370 0.050000 0.061111
