1 0.964583 0.100463 0.050000 0.065741
1 0.237760 0.779630 0.028646 0.046296
1 0.257031 0.725000 0.023438 0.051852
1 0.374740 0.771759 0.016146 0.026852
1 0.584115 0.338889 0.025521 0.059259
1 0.628385 0.206481 0.023438 0.042593
1 0.883854 0.338426 0.026042 0.043519
1 0.904948 0.225000 0.022396 0.044444
1 0.702083 0.568519 0.029167 0.055556
1 0.741667 0.495370 0.021875 0.055556
1 0.712240 0.421296 0.041146 0.061111
1 0.733854 0.248148 0.020833 0.029630
1 0.292969 0.440278 0.020313 0.030556
1 0.383594 0.887037 0.017188 0.050000
1 0.090104 0.209722 0.035417 0.047222
1 0.810677 0.609259 0.015104 0.035185
