1 0.295312 0.425463 0.020833 0.036111
1 0.243490 0.766667 0.026562 0.040741
1 0.260156 0.712963 0.021354 0.050000
1 0.094792 0.196759 0.032292 0.050926
1 0.631771 0.191667 0.025000 0.044444
1 0.586979 0.326852 0.028125 0.066667
1 0.717448 0.407870 0.036979 0.071296
1 0.910156 0.215278 0.028646 0.043519
1 0.970052 0.092593 0.047396 0.066667
1 0.705729 0.558796 0.031250 0.058333
1 0.743490 0.481944 0.024479 0.063889
1 0.815365 0.598148 0.015104 0.035185
1 0.737240 0.235185 0.023438 0.027778
1 0.782552 0.042130 0.023438 0.041667
1 0.629948 0.029167 0.021354 0.030556
1 0.377604 0.758333 0.018750 0.025926
