1 0.970313 0.080093 0.051042 0.060185
1 0.098698 0.183796 0.033854 0.050926
1 0.300521 0.413426 0.018750 0.037963
1 0.264323 0.694907 0.019271 0.054630
1 0.245312 0.752778 0.029167 0.050000
1 0.389583 0.860185 0.011458 0.050000
1 0.379427 0.742130 0.017188 0.021296
1 0.587500 0.313889 0.023958 0.055556
1 0.633854 0.178704 0.026042 0.044444
1 0.888542 0.313426 0.028125 0.039815
1 0.717969 0.393056 0.043229 0.063889
1 0.706250 0.541204 0.032292 0.049074
1 0.816667 0.585648 0.014583 0.041667
1 0.740104 0.222685 0.021875 0.028704
1 0.909896 0.199537 0.026042 0.043519
