1 0.251302 0.717593 0.026562 0.046296
1 0.105208 0.150926 0.036458 0.046296
1 0.591667 0.279630 0.022917 0.062963
1 0.639844 0.145833 0.025521 0.043519
1 0.741146 0.189352 0.023958 0.034259
1 0.892708 0.280093 0.028125 0.041667
1 0.972135 0.047685 0.052604 0.067593
1 0.722917 0.361574 0.039583 0.067593
1 0.913281 0.168056 0.022396 0.037963
1 0.710156 0.508333 0.029687 0.062963
1 0.819010 0.550463 0.015104 0.041667
1 0.385156 0.708333 0.019271 0.027778
1 0.750781 0.436111 0.021354 0.057407
1 0.305729 0.379167 0.020833 0.039815
