1 0.642708 0.116667 0.026042 0.046296
1 0.920052 0.141667 0.026562 0.042593
1 0.898438 0.256944 0.029167 0.043519
1 0.726562 0.335185 0.045833 0.064815
1 0.597396 0.254167 0.030208 0.063889
1 0.310417 0.354167 0.022917 0.036111
1 0.716146 0.482870 0.027083 0.060185
1 0.756510 0.407870 0.020313 0.058333
1 0.271875 0.636574 0.021875 0.043519
1 0.255729 0.688889 0.026042 0.046296
1 0.389323 0.683796 0.019271 0.023148
1 0.399479 0.797685 0.017708 0.049074
1 0.747656 0.163426 0.022396 0.030556
1 0.938021 0.956481 0.023958 0.042593
1 0.106510 0.123611 0.034896 0.047222
1 0.035677 0.765278 0.051562 0.073148
1 0.742448 0.946759 0.018229 0.043519
1 0.823958 0.525926 0.016667 0.037037
