1 0.109115 0.100000 0.032813 0.051852
1 0.257031 0.667593 0.024479 0.050000
1 0.275000 0.612037 0.021875 0.042593
1 0.038021 0.744444 0.050000 0.079630
1 0.601562 0.236111 0.026042 0.070370
1 0.645573 0.091667 0.027604 0.048148
1 0.753125 0.138889 0.018750 0.025926
1 0.922656 0.118519 0.026562 0.042593
1 0.903125 0.229630 0.026042 0.046296
1 0.720833 0.460185 0.027083 0.055556
1 0.761198 0.384259 0.023438 0.053704
1 0.258594 0.759259 0.025521 0.048148
1 0.829427 0.503704 0.017188 0.038889
1 0.747917 0.922222 0.019792 0.042593
1 0.310937 0.329167 0.021875 0.032407
1 0.375521 0.327778 0.012500 0.042593
1 0.063281 0.899074 0.042188 0.074074
1 0.051562 0.823611 0.039583 0.086111
1 0.129948 0.791204 0.042188 0.060185
1 0.391667 0.661574 0.019792 0.025000
1 0.402865 0.776389 0.017188 0.045370
1 0.942448 0.937037 0.023438 0.042593
1 0.732552 0.313426 0.041146 0.062037
