1 0.314063 0.312037 0.023958 0.037037
1 0.379948 0.311111 0.015104 0.040741
1 0.019531 0.237500 0.038021 0.062037
1 0.110677 0.083333 0.036979 0.055556
1 0.261979 0.651389 0.022917 0.041667
1 0.278125 0.596296 0.026042 0.044444
1 0.394271 0.643519 0.020833 0.024074
1 0.041927 0.730093 0.051562 0.075000
1 0.069792 0.883796 0.042708 0.075000
1 0.053646 0.806019 0.035417 0.084259
1 0.135156 0.776389 0.040104 0.065741
1 0.946094 0.918519 0.023438 0.046296
1 0.722135 0.443056 0.031771 0.056481
1 0.831510 0.482870 0.017188 0.034259
1 0.648958 0.073611 0.029167 0.045370
1 0.604948 0.212037 0.028646 0.059259
1 0.754427 0.124074 0.023438 0.031481
1 0.904687 0.212500 0.029167 0.045370
1 0.926562 0.097222 0.023958 0.040741
1 0.762500 0.364352 0.023958 0.052778
