1 0.116146 0.072685 0.037500 0.047222
1 0.021615 0.224537 0.036979 0.054630
1 0.048177 0.717130 0.050521 0.075000
1 0.062240 0.792593 0.044271 0.083333
1 0.074219 0.868981 0.036979 0.071296
1 0.267969 0.727778 0.026562 0.050000
1 0.265365 0.634259 0.027604 0.050000
1 0.317708 0.297685 0.018750 0.037963
1 0.384375 0.296759 0.010417 0.037963
1 0.652344 0.057870 0.028646 0.047222
1 0.606510 0.200926 0.024479 0.061111
1 0.907292 0.194444 0.026042 0.035185
1 0.927865 0.084259 0.025521 0.044444
1 0.765104 0.348611 0.021875 0.052778
1 0.727604 0.425926 0.027083 0.053704
1 0.755990 0.887963 0.018229 0.042593
1 0.835156 0.465741 0.018229 0.037037
1 0.399740 0.627778 0.019271 0.024074
