0 0.544010 0.588889 0.441146 0.688889
1 0.298958 0.528704 0.019792 0.046296
1 0.130469 0.564815 0.022396 0.055556
1 0.065365 0.667593 0.051562 0.074074
1 0.091927 0.817130 0.038021 0.067593
1 0.079167 0.743519 0.033333 0.077778
1 0.282031 0.580556 0.026562 0.046296
1 0.396354 0.240278 0.008333 0.039815
1 0.617969 0.135185 0.026562 0.057407
1 0.772396 0.818519 0.019792 0.044444
1 0.415885 0.569907 0.019271 0.026852
1 0.766927 0.044907 0.021354 0.032407
1 0.778646 0.283796 0.017708 0.062037
1 0.739323 0.360648 0.029687 0.050926
1 0.918229 0.128704 0.030208 0.040741
