0 0.543229 0.580556 0.432292 0.690741
1 0.301563 0.519444 0.019792 0.044444
1 0.285677 0.570370 0.026562 0.048148
1 0.132552 0.559722 0.023438 0.058333
1 0.039323 0.167593 0.033854 0.051852
1 0.419271 0.558333 0.019792 0.022222
1 0.067187 0.659259 0.051042 0.079630
1 0.082812 0.735185 0.033333 0.079630
1 0.093229 0.807407 0.038542 0.075926
1 0.619010 0.127315 0.025521 0.058333
1 0.780208 0.273611 0.020833 0.056481
1 0.751823 0.199074 0.043229 0.062963
1 0.742708 0.347222 0.030208 0.053704
1 0.776042 0.807407 0.018750 0.044444
1 0.919531 0.112963 0.028646 0.037037
1 0.768490 0.031944 0.022396 0.030556
1 0.850781 0.387037 0.017188 0.038889
