0 0.546615 0.580556 0.425521 0.718519
1 0.073438 0.647685 0.050000 0.073148
1 0.031771 0.674074 0.019792 0.035185
1 0.304948 0.506481 0.021354 0.042593
1 0.289844 0.560648 0.026562 0.039815
1 0.336979 0.224074 0.020833 0.033333
1 0.421875 0.548148 0.021875 0.022222
1 0.095573 0.799537 0.025521 0.078704
1 0.087760 0.721296 0.031771 0.083333
1 0.137760 0.550000 0.025521 0.057407
1 0.619792 0.117130 0.025000 0.056481
1 0.769531 0.018056 0.019271 0.025000
1 0.920312 0.100000 0.027083 0.038889
1 0.752865 0.187500 0.041146 0.063889
1 0.780469 0.259722 0.022396 0.058333
1 0.742969 0.335185 0.027604 0.059259
1 0.777604 0.791667 0.020833 0.038889
