0 0.547656 0.546296 0.418229 0.668519
1 0.142187 0.534259 0.023958 0.053704
1 0.308854 0.492593 0.021875 0.040741
1 0.294010 0.544907 0.027604 0.045370
1 0.077083 0.631944 0.053125 0.075000
1 0.091927 0.706019 0.028646 0.080556
1 0.622656 0.099537 0.025521 0.056481
1 0.754167 0.170833 0.042708 0.063889
1 0.921615 0.084259 0.027604 0.037037
1 0.745313 0.318519 0.025000 0.053704
1 0.783073 0.241204 0.021354 0.054630
1 0.780208 0.771296 0.020833 0.040741
1 0.426563 0.531944 0.019792 0.026852
1 0.044792 0.147685 0.033333 0.056481
1 0.099219 0.779630 0.025521 0.077778
1 0.339583 0.207407 0.020833 0.037037
1 0.036458 0.658333 0.020833 0.035185
1 0.076823 0.631481 0.050521 0.075926
1 0.854167 0.354630 0.017708 0.038889
1 0.781250 0.046296 0.014583 0.033333
1 0.078385 0.442130 0.036979 0.117593
