0 0.550260 0.532407 0.419271 0.666667
1 0.048698 0.127778 0.033854 0.055556
1 0.134115 0.478241 0.014063 0.043519
1 0.312760 0.470833 0.020313 0.043519
1 0.428125 0.511111 0.018750 0.025926
1 0.145313 0.514815 0.026042 0.055556
1 0.080990 0.612037 0.050521 0.075926
1 0.040625 0.640741 0.020833 0.031481
1 0.109896 0.762500 0.036458 0.076852
1 0.297135 0.525463 0.026562 0.045370
1 0.440365 0.625463 0.016146 0.045370
1 0.783073 0.750000 0.020313 0.040741
1 0.625260 0.081944 0.026562 0.054630
1 0.925000 0.063889 0.027083 0.040741
1 0.785937 0.221759 0.021875 0.056481
1 0.747917 0.299074 0.027083 0.053704
1 0.081510 0.426389 0.039062 0.117593
1 0.030208 0.431944 0.051042 0.095370
