0 0.554167 0.520833 0.427083 0.684259
1 0.750260 0.278704 0.032813 0.057407
1 0.084115 0.596296 0.046354 0.074074
1 0.045052 0.622222 0.022396 0.035185
1 0.031510 0.411111 0.050521 0.085185
1 0.148438 0.499537 0.023958 0.054630
1 0.136979 0.462500 0.012500 0.045370
1 0.315625 0.454630 0.022917 0.046296
1 0.300260 0.506019 0.027604 0.047222
1 0.431771 0.494444 0.019792 0.025926
1 0.113802 0.741204 0.035937 0.076852
1 0.099740 0.665741 0.030729 0.079630
1 0.627604 0.062963 0.025000 0.055556
1 0.786979 0.202315 0.022917 0.054630
1 0.926042 0.045370 0.026042 0.042593
1 0.859635 0.314352 0.018229 0.037963
1 0.760156 0.132870 0.041146 0.063889
1 0.784375 0.728704 0.021875 0.038889
1 0.085677 0.403704 0.038021 0.116667
