0 0.559635 0.551852 0.431771 0.768519
1 0.056510 0.094907 0.032813 0.056481
1 0.036979 0.393519 0.048958 0.083333
1 0.318229 0.437037 0.022917 0.046296
1 0.302865 0.487500 0.026562 0.043519
1 0.349219 0.154167 0.020313 0.036111
1 0.413281 0.152315 0.015104 0.039815
1 0.141146 0.443056 0.012500 0.045370
1 0.152865 0.478241 0.024479 0.056481
1 0.434115 0.475000 0.019271 0.022222
1 0.049740 0.604630 0.021354 0.037037
1 0.165885 0.757870 0.033854 0.060185
1 0.057552 0.521296 0.033854 0.025926
1 0.117188 0.724537 0.038542 0.075000
1 0.041927 0.743056 0.015104 0.023148
1 0.087760 0.579630 0.051562 0.074074
1 0.106771 0.588889 0.039583 0.066667
1 0.104427 0.648611 0.036979 0.076852
1 0.787240 0.709722 0.019271 0.039815
1 0.785937 0.881481 0.020833 0.051852
1 0.751823 0.262500 0.027604 0.054630
1 0.789062 0.185648 0.019792 0.049074
1 0.628385 0.043981 0.028646 0.058333
1 0.926042 0.029167 0.027083 0.039815
1 0.760677 0.115741 0.039062 0.062963
1 0.860417 0.297685 0.015625 0.032407
1 0.091146 0.388889 0.035417 0.118519
