0 0.562240 0.521296 0.428646 0.764815
1 0.039062 0.377778 0.050000 0.079630
1 0.144531 0.428241 0.010937 0.049074
1 0.154688 0.463426 0.028125 0.052778
1 0.351823 0.138889 0.018229 0.031481
1 0.059375 0.079630 0.033333 0.057407
1 0.321094 0.419907 0.022396 0.043519
1 0.436719 0.459722 0.020313 0.025000
1 0.309375 0.563889 0.023958 0.044444
1 0.094792 0.372222 0.037500 0.122222
1 0.060937 0.507407 0.034375 0.027778
1 0.091927 0.561111 0.050521 0.074074
1 0.051823 0.589815 0.023438 0.037037
1 0.110677 0.572685 0.039062 0.067593
1 0.107031 0.632407 0.032813 0.075926
1 0.121094 0.707407 0.038021 0.074074
1 0.176302 0.952315 0.032813 0.078704
1 0.630990 0.031944 0.024479 0.054630
1 0.753125 0.246759 0.030208 0.056481
1 0.790365 0.172222 0.022396 0.057407
1 0.788021 0.693056 0.021875 0.043519
1 0.786979 0.867593 0.021875 0.053704
1 0.860417 0.282870 0.016667 0.039815
