0 0.562240 0.513426 0.428646 0.765741
1 0.040365 0.370833 0.049479 0.084259
1 0.145573 0.418056 0.011979 0.050926
1 0.156250 0.454167 0.026042 0.052778
1 0.351823 0.128241 0.018229 0.034259
1 0.416927 0.126852 0.015104 0.042593
1 0.061979 0.069907 0.031250 0.058333
1 0.321875 0.410648 0.020833 0.041667
1 0.305208 0.462037 0.029167 0.048148
1 0.297135 0.402315 0.076563 0.071296
1 0.436979 0.449537 0.018750 0.026852
1 0.053125 0.580556 0.022917 0.033333
1 0.169010 0.732407 0.034896 0.062963
1 0.061458 0.496759 0.034375 0.028704
1 0.091927 0.550926 0.048438 0.068519
1 0.111719 0.561574 0.040104 0.062037
1 0.107552 0.620370 0.031771 0.083333
1 0.122396 0.697222 0.035417 0.074074
1 0.448698 0.563889 0.013021 0.050000
1 0.177604 0.946759 0.031250 0.082407
1 0.787760 0.682407 0.019271 0.038889
1 0.786458 0.855556 0.023958 0.051852
1 0.752865 0.237963 0.028646 0.055556
1 0.760938 0.091667 0.042708 0.064815
1 0.789062 0.162037 0.021875 0.055556
1 0.860156 0.272685 0.016146 0.037963
