0 0.567187 0.529630 0.428125 0.814815
1 0.040104 0.363426 0.052083 0.082407
1 0.095833 0.356481 0.035417 0.124074
1 0.351823 0.122685 0.020313 0.036111
1 0.145313 0.411111 0.013542 0.044444
1 0.157812 0.445833 0.025000 0.052778
1 0.306510 0.455093 0.030729 0.047222
1 0.321615 0.403241 0.022396 0.039815
1 0.298698 0.397685 0.073438 0.071296
1 0.436979 0.442130 0.019792 0.026852
1 0.063021 0.488889 0.034375 0.025926
1 0.095573 0.544907 0.048438 0.076852
1 0.054948 0.571296 0.023438 0.035185
1 0.109375 0.612963 0.030208 0.081481
1 0.123177 0.687963 0.038021 0.075926
1 0.178646 0.934722 0.033333 0.078704
1 0.448958 0.554167 0.013542 0.045370
1 0.761719 0.083796 0.043229 0.062037
1 0.788802 0.155093 0.021354 0.054630
1 0.751302 0.228704 0.026562 0.055556
1 0.858594 0.264352 0.018229 0.039815
1 0.786719 0.673148 0.019271 0.038889
1 0.954688 0.362037 0.028125 0.029630
