0 0.566406 0.521759 0.426563 0.808333
1 0.045312 0.354167 0.050000 0.086111
1 0.308594 0.443981 0.029687 0.045370
1 0.353125 0.112963 0.020833 0.035185
1 0.147917 0.400463 0.011458 0.045370
1 0.159635 0.436111 0.025521 0.055556
1 0.064583 0.055093 0.034375 0.056481
1 0.437760 0.433796 0.021354 0.025000
1 0.066667 0.479630 0.033333 0.024074
1 0.096354 0.533333 0.048958 0.068519
1 0.115104 0.550000 0.041667 0.057407
1 0.112240 0.602778 0.029687 0.079630
1 0.124479 0.677778 0.037500 0.075926
1 0.181250 0.924074 0.033333 0.079630
1 0.174479 0.712500 0.031250 0.058333
1 0.057292 0.561574 0.021875 0.032407
1 0.761198 0.076852 0.042188 0.062963
1 0.788542 0.145833 0.021875 0.054630
1 0.752344 0.219444 0.028646 0.051852
1 0.858073 0.256481 0.017188 0.038889
1 0.786458 0.661574 0.020833 0.039815
1 0.787500 0.834259 0.020833 0.044444
1 0.450260 0.543981 0.015104 0.043519
1 0.301563 0.390741 0.077083 0.072222
