0 0.563021 0.511111 0.427083 0.811111
1 0.065625 0.046759 0.034375 0.056481
1 0.046875 0.343519 0.052083 0.085185
1 0.099740 0.338426 0.036979 0.126852
1 0.303906 0.379167 0.078646 0.073148
1 0.355469 0.105556 0.018229 0.033333
1 0.068229 0.470833 0.032292 0.032407
1 0.150521 0.394907 0.014583 0.047222
1 0.162240 0.428241 0.025521 0.052778
1 0.099479 0.524537 0.046875 0.073148
1 0.118750 0.540741 0.039583 0.061111
1 0.126823 0.669444 0.038021 0.075926
1 0.113802 0.595370 0.029687 0.074074
1 0.310417 0.434722 0.026042 0.045370
1 0.175781 0.702778 0.032813 0.064815
1 0.182292 0.914352 0.033333 0.080556
1 0.286979 0.968519 0.037500 0.055556
1 0.440104 0.424537 0.018750 0.028704
1 0.788542 0.137963 0.021875 0.057407
1 0.788021 0.652778 0.019792 0.038889
1 0.752344 0.210185 0.027604 0.055556
1 0.762500 0.066667 0.040625 0.059259
1 0.859896 0.246296 0.017708 0.037037
