0 0.567969 0.501389 0.423438 0.813889
1 0.050521 0.336574 0.050000 0.087963
1 0.420573 0.098611 0.015104 0.039815
1 0.358854 0.098148 0.019792 0.035185
1 0.104948 0.330556 0.035937 0.124074
1 0.071875 0.040278 0.032292 0.056481
1 0.306510 0.368981 0.076563 0.071296
1 0.313802 0.425926 0.028646 0.044444
1 0.155208 0.385185 0.013542 0.048148
1 0.165104 0.418519 0.026042 0.053704
1 0.063802 0.539815 0.022396 0.035185
1 0.072396 0.462037 0.036458 0.027778
1 0.102083 0.514815 0.051042 0.072222
1 0.122917 0.526389 0.039583 0.065741
1 0.115885 0.583796 0.038021 0.078704
1 0.130990 0.658333 0.036979 0.074074
1 0.180729 0.694444 0.030208 0.066667
1 0.761198 0.060185 0.042188 0.061111
1 0.789583 0.130093 0.023958 0.052778
1 0.753125 0.204167 0.028125 0.050926
1 0.860156 0.241204 0.014063 0.039815
1 0.786979 0.640741 0.021875 0.044444
1 0.291927 0.956944 0.036979 0.060185
1 0.187760 0.901852 0.035937 0.083333
