0 0.569531 0.512500 0.429688 0.858333
1 0.053906 0.321759 0.050521 0.084259
1 0.106771 0.317593 0.035417 0.122222
1 0.314583 0.414352 0.026042 0.043519
1 0.307292 0.361111 0.076042 0.070370
1 0.359635 0.088889 0.019271 0.035185
1 0.420833 0.087037 0.011458 0.037037
1 0.156771 0.372685 0.011458 0.045370
1 0.167969 0.407407 0.025521 0.053704
1 0.073698 0.030093 0.034896 0.054630
1 0.074479 0.448148 0.034375 0.025926
1 0.067187 0.529167 0.021875 0.032407
1 0.105469 0.503241 0.047396 0.067593
1 0.123958 0.513426 0.038542 0.062037
1 0.117448 0.569907 0.034896 0.076852
1 0.133854 0.643056 0.037500 0.071296
1 0.181510 0.682870 0.028646 0.058333
1 0.190625 0.887963 0.032292 0.075926
1 0.293229 0.944907 0.037500 0.060185
1 0.761458 0.052778 0.040625 0.062963
1 0.753385 0.193056 0.027604 0.052778
1 0.790365 0.118981 0.019271 0.049074
1 0.858073 0.229167 0.021354 0.037963
1 0.786458 0.628241 0.020833 0.039815
1 0.785937 0.800926 0.022917 0.051852
1 0.441927 0.404630 0.020313 0.024074
