0 0.567969 0.488426 0.418229 0.826852
1 0.055729 0.311574 0.051042 0.084259
1 0.311198 0.347222 0.076563 0.068519
1 0.359896 0.079630 0.022917 0.035185
1 0.158333 0.361574 0.012500 0.043519
1 0.107813 0.305093 0.037500 0.128704
1 0.315625 0.403704 0.029167 0.044444
1 0.181510 0.666204 0.033854 0.065741
1 0.135417 0.632870 0.038542 0.075000
1 0.122135 0.562500 0.030729 0.071296
1 0.076823 0.437963 0.034896 0.029630
1 0.113802 0.491204 0.061979 0.075000
1 0.190885 0.873148 0.034896 0.075926
1 0.442448 0.392130 0.019271 0.021296
1 0.761719 0.043519 0.044271 0.062963
1 0.752083 0.184259 0.029167 0.053704
1 0.856510 0.221296 0.014063 0.031481
1 0.784896 0.615278 0.020833 0.043519
1 0.788542 0.109259 0.021875 0.051852
1 0.785677 0.787500 0.021354 0.052778
1 0.294531 0.931944 0.034896 0.058333
