0 0.566406 0.469907 0.415104 0.830556
1 0.053385 0.299537 0.049479 0.087963
1 0.156510 0.346296 0.010937 0.046296
1 0.104948 0.286111 0.030729 0.062963
1 0.167187 0.379630 0.025000 0.051852
1 0.075260 0.422222 0.034896 0.027778
1 0.358854 0.064815 0.018750 0.037037
1 0.329167 0.338889 0.019792 0.042593
1 0.306250 0.333333 0.078125 0.072222
1 0.315104 0.388426 0.027083 0.043519
1 0.067187 0.501852 0.020833 0.031481
1 0.106250 0.475926 0.048958 0.070370
1 0.124479 0.485648 0.040625 0.065741
1 0.117969 0.543056 0.036979 0.075000
1 0.133333 0.612500 0.036458 0.071296
1 0.758333 0.030556 0.042708 0.059259
1 0.785937 0.097685 0.022917 0.049074
1 0.749479 0.170833 0.029167 0.062037
1 0.180729 0.653704 0.037500 0.072222
1 0.780990 0.768056 0.024479 0.058333
1 0.188021 0.852778 0.032292 0.077778
1 0.853906 0.205556 0.016146 0.037037
