0 0.415365 0.590741 0.313021 0.629630
1 0.705208 0.283796 0.035417 0.049074
1 0.925521 0.567130 0.020833 0.047222
1 0.967448 0.409259 0.018229 0.040741
1 0.435417 0.220833 0.019792 0.050926
1 0.501563 0.213889 0.019792 0.040741
1 0.604948 0.448148 0.034896 0.070370
1 0.332031 0.122222 0.025521 0.035185
1 0.260156 0.465741 0.034896 0.062963
1 0.383594 0.310185 0.022396 0.040741
1 0.681510 0.904167 0.027604 0.060185
1 0.934115 0.112963 0.036979 0.044444
1 0.263021 0.153241 0.023958 0.060185
1 0.135677 0.075926 0.026562 0.037037
