0 0.554688 0.466204 0.410417 0.804630
1 0.046615 0.278241 0.051562 0.086111
1 0.099740 0.276852 0.032813 0.114815
1 0.301042 0.316204 0.077083 0.073148
1 0.743229 0.153241 0.030208 0.052778
1 0.148958 0.331481 0.014583 0.046296
1 0.161719 0.364815 0.023438 0.051852
1 0.352344 0.047222 0.020313 0.035185
1 0.306510 0.371759 0.026562 0.045370
1 0.435156 0.360648 0.019271 0.023148
1 0.067708 0.404630 0.034375 0.027778
1 0.097135 0.459259 0.050521 0.074074
1 0.115885 0.468056 0.039062 0.062037
1 0.109635 0.525926 0.036979 0.077778
1 0.125781 0.600000 0.036979 0.070370
1 0.172656 0.633333 0.034896 0.062963
1 0.179167 0.842593 0.034375 0.074074
1 0.282813 0.897685 0.034375 0.054630
1 0.779687 0.078241 0.020833 0.050926
1 0.847917 0.190278 0.018750 0.041667
1 0.940885 0.287037 0.030729 0.033333
1 0.775521 0.584722 0.021875 0.039815
1 0.775260 0.754630 0.021354 0.055556
