0 0.548698 0.457870 0.427604 0.836111
1 0.035677 0.265741 0.050521 0.087037
1 0.088542 0.262500 0.037500 0.123148
1 0.342969 0.033333 0.019271 0.033333
1 0.290365 0.302315 0.073438 0.069444
1 0.139323 0.317130 0.011979 0.045370
1 0.150521 0.350463 0.029167 0.050926
1 0.296875 0.357407 0.028125 0.044444
1 0.086458 0.444907 0.045833 0.073148
1 0.115365 0.584259 0.041146 0.070370
1 0.107292 0.453704 0.041667 0.066667
1 0.100521 0.511574 0.038542 0.075000
1 0.273958 0.886574 0.036458 0.060185
1 0.207292 0.892130 0.029167 0.032407
1 0.169010 0.831481 0.033854 0.074074
1 0.162760 0.623611 0.031771 0.065741
1 0.734896 0.138426 0.030208 0.052778
1 0.770833 0.068056 0.022917 0.052778
1 0.841146 0.173611 0.017708 0.037963
1 0.766146 0.742593 0.021875 0.053704
