0 0.535417 0.435648 0.414583 0.837963
1 0.025000 0.254167 0.048958 0.084259
1 0.078646 0.250463 0.036458 0.117593
1 0.127083 0.304630 0.014583 0.050000
1 0.139323 0.341204 0.026562 0.052778
1 0.279167 0.292593 0.077083 0.070370
1 0.332813 0.023148 0.019792 0.037037
1 0.045052 0.380093 0.033854 0.028704
1 0.285417 0.348148 0.027083 0.048148
1 0.074219 0.434259 0.047396 0.072222
1 0.095573 0.444444 0.040104 0.062963
1 0.086979 0.505093 0.036458 0.078704
1 0.101302 0.575926 0.041146 0.074074
1 0.158073 0.820370 0.035937 0.074074
1 0.725000 0.129167 0.027083 0.054630
1 0.760417 0.056019 0.022917 0.050926
1 0.830990 0.168519 0.015104 0.042593
1 0.757552 0.565278 0.021354 0.045370
1 0.754948 0.732407 0.022396 0.053704
1 0.261979 0.878241 0.036458 0.056481
1 0.414583 0.336574 0.017708 0.025000
1 0.151042 0.613889 0.031250 0.066667
