0 0.515104 0.425000 0.435417 0.848148
1 0.050781 0.216667 0.036979 0.114815
1 0.253646 0.265278 0.078125 0.071296
1 0.101042 0.275000 0.016667 0.046296
1 0.260677 0.319907 0.028646 0.045370
1 0.019271 0.348611 0.034375 0.028704
1 0.262500 0.408796 0.023958 0.045370
1 0.113021 0.311111 0.026042 0.053704
1 0.072396 0.543519 0.043750 0.074074
1 0.046094 0.403241 0.043229 0.071296
1 0.233333 0.854630 0.036458 0.055556
1 0.741146 0.040278 0.021875 0.050926
1 0.703646 0.112037 0.028125 0.050000
1 0.731510 0.718519 0.025521 0.055556
1 0.126823 0.793519 0.033854 0.081481
