0 0.515365 0.429630 0.434896 0.857407
1 0.259115 0.311574 0.029687 0.047222
1 0.253385 0.258333 0.075521 0.072222
1 0.100521 0.264815 0.011458 0.051852
1 0.048958 0.207870 0.038542 0.123148
1 0.111458 0.300926 0.022917 0.053704
1 0.069792 0.532407 0.041667 0.074074
1 0.259635 0.402315 0.025521 0.043519
1 0.389583 0.306944 0.018750 0.025000
1 0.056771 0.460185 0.035417 0.075926
1 0.047135 0.389815 0.049479 0.070370
1 0.122135 0.785185 0.036979 0.074074
1 0.227344 0.845833 0.041146 0.060185
1 0.162500 0.848148 0.027083 0.025926
1 0.702604 0.108796 0.030208 0.050926
1 0.738021 0.036111 0.022917 0.053704
1 0.119792 0.575000 0.031250 0.062963
1 0.807031 0.148611 0.018229 0.039815
1 0.728385 0.714815 0.025521 0.061111
1 0.057292 0.663426 0.083333 0.137963
