1 0.251042 0.250000 0.077083 0.074074
1 0.100000 0.255556 0.012500 0.048148
1 0.053385 0.200926 0.036979 0.118519
1 0.259375 0.393981 0.020833 0.043519
1 0.042448 0.383333 0.043229 0.072222
1 0.062240 0.526852 0.025521 0.077778
1 0.226823 0.838426 0.038021 0.058333
1 0.257812 0.304630 0.030208 0.048148
1 0.740104 0.036111 0.021875 0.055556
1 0.727344 0.712963 0.022396 0.057407
1 0.118490 0.566204 0.032813 0.063889
1 0.387760 0.300463 0.018229 0.025000
1 0.700781 0.106019 0.030729 0.052778
1 0.807031 0.149537 0.018229 0.037963
1 0.122917 0.775926 0.035417 0.074074
1 0.605208 0.398611 0.013542 0.028704
1 0.055729 0.657407 0.087500 0.146296
