1 0.054948 0.649074 0.084896 0.137037
1 0.061198 0.516204 0.026562 0.075000
1 0.251563 0.243519 0.078125 0.066667
1 0.051302 0.194907 0.036979 0.112037
1 0.100000 0.246296 0.012500 0.051852
1 0.111458 0.285185 0.026042 0.057407
1 0.257552 0.297685 0.029687 0.047222
1 0.016927 0.318519 0.032813 0.027778
1 0.044792 0.374074 0.045833 0.070370
1 0.056510 0.437500 0.035937 0.086111
1 0.121094 0.767130 0.033854 0.075000
1 0.119792 0.558333 0.032292 0.061111
1 0.386719 0.292593 0.021354 0.020370
1 0.259115 0.383333 0.023438 0.048148
1 0.738021 0.034259 0.021875 0.046296
1 0.700781 0.105556 0.027604 0.048148
1 0.805990 0.148611 0.016146 0.037963
1 0.724479 0.710185 0.023958 0.053704
