1 0.048177 0.185648 0.039062 0.121296
1 0.253125 0.235185 0.075000 0.075926
1 0.258073 0.290278 0.030729 0.043519
1 0.017188 0.311111 0.033333 0.029630
1 0.044531 0.366667 0.050521 0.064815
1 0.054948 0.431481 0.036979 0.081481
1 0.116667 0.551852 0.034375 0.062963
1 0.053385 0.649074 0.083854 0.140741
1 0.258073 0.379630 0.023438 0.044444
1 0.118490 0.761111 0.035937 0.077778
1 0.221615 0.821296 0.036979 0.057407
1 0.698958 0.101389 0.029167 0.049074
1 0.736458 0.031481 0.020833 0.050000
1 0.803385 0.144907 0.017188 0.034259
1 0.722656 0.703241 0.023438 0.054630
