0 0.408333 0.625000 0.308333 0.646296
1 0.329688 0.151852 0.028125 0.033333
1 0.131250 0.102778 0.027083 0.040741
1 0.701302 0.313426 0.036979 0.047222
1 0.602344 0.475926 0.040104 0.059259
1 0.923438 0.599537 0.025000 0.043519
1 0.932813 0.139815 0.043750 0.037037
1 0.966667 0.438426 0.019792 0.045370
1 0.381250 0.342593 0.021875 0.051852
1 0.497656 0.241667 0.018229 0.038889
1 0.482292 0.293519 0.019792 0.040741
1 0.435156 0.250926 0.023438 0.042593
1 0.681510 0.932870 0.023438 0.054630
1 0.257812 0.497222 0.041667 0.074074
