1 0.047917 0.176389 0.035417 0.117593
1 0.096094 0.232870 0.010937 0.047222
1 0.107552 0.266667 0.025521 0.050000
1 0.248958 0.227315 0.075000 0.071296
1 0.252865 0.283333 0.028646 0.044444
1 0.254688 0.371296 0.026042 0.044444
1 0.041406 0.355093 0.050521 0.069444
1 0.049740 0.422222 0.038021 0.077778
1 0.057813 0.495833 0.028125 0.075000
1 0.112240 0.538426 0.032813 0.071296
1 0.049740 0.631944 0.080729 0.132407
1 0.113802 0.750000 0.036979 0.074074
1 0.217188 0.816204 0.036458 0.056481
1 0.150781 0.817593 0.025521 0.024074
1 0.201302 0.859259 0.021354 0.050000
1 0.734635 0.025463 0.021354 0.049074
1 0.697135 0.094444 0.028646 0.048148
1 0.802604 0.139352 0.019792 0.036111
1 0.893490 0.239352 0.028646 0.034259
1 0.718229 0.697685 0.026042 0.056481
