1 0.040625 0.165741 0.037500 0.114815
1 0.091667 0.222222 0.011458 0.055556
1 0.100521 0.257407 0.023958 0.053704
1 0.244531 0.216667 0.074479 0.074074
1 0.250521 0.270833 0.029167 0.045370
1 0.250000 0.361111 0.025000 0.053704
1 0.035417 0.345833 0.047917 0.067593
1 0.044531 0.410648 0.038021 0.082407
1 0.052344 0.487500 0.024479 0.073148
1 0.106771 0.743056 0.035417 0.078704
1 0.043229 0.622222 0.085417 0.140741
1 0.104688 0.531944 0.035417 0.071296
1 0.212760 0.807870 0.034896 0.063889
1 0.144271 0.809722 0.029167 0.030556
1 0.694792 0.084722 0.027083 0.050926
1 0.800781 0.127778 0.016146 0.042593
1 0.715885 0.691204 0.021354 0.058333
1 0.891406 0.229630 0.027604 0.033333
1 0.720313 0.516204 0.021875 0.037963
