1 0.036458 0.156481 0.035417 0.114815
1 0.086198 0.211574 0.011979 0.047222
1 0.095573 0.246759 0.023438 0.052778
1 0.029427 0.338426 0.049479 0.075000
1 0.238542 0.208333 0.076042 0.072222
1 0.245573 0.263426 0.027604 0.043519
1 0.039062 0.403704 0.035417 0.075926
1 0.051823 0.476389 0.043229 0.075000
1 0.100000 0.525000 0.031250 0.062963
1 0.101042 0.735185 0.034375 0.081481
1 0.205990 0.800000 0.034896 0.055556
1 0.138021 0.800000 0.026042 0.027778
1 0.244792 0.352315 0.020833 0.045370
1 0.373958 0.261111 0.020833 0.022222
1 0.383333 0.375000 0.012500 0.044444
1 0.690625 0.075463 0.029167 0.052778
1 0.796354 0.120370 0.017708 0.037037
1 0.713542 0.684259 0.025000 0.053704
