1 0.033073 0.148148 0.035937 0.116667
1 0.240104 0.254167 0.029167 0.045370
1 0.235417 0.200926 0.078125 0.074074
1 0.042188 0.468981 0.029167 0.073148
1 0.096354 0.515741 0.036458 0.070370
1 0.241146 0.344444 0.020833 0.044444
1 0.023698 0.327778 0.044271 0.074074
1 0.035417 0.397222 0.036458 0.075926
1 0.097396 0.729167 0.036458 0.073148
1 0.203906 0.791204 0.038021 0.058333
1 0.188281 0.835185 0.026562 0.046296
1 0.135937 0.794444 0.029167 0.025926
1 0.709896 0.678241 0.023958 0.056481
1 0.687760 0.067593 0.026562 0.048148
1 0.796094 0.113889 0.015104 0.027778
