1 0.028906 0.134722 0.035937 0.119444
1 0.079427 0.193056 0.010937 0.043519
1 0.090104 0.228704 0.025000 0.053704
1 0.234115 0.189815 0.074479 0.068519
1 0.239583 0.242130 0.027083 0.043519
1 0.041146 0.326852 0.036458 0.062963
1 0.031771 0.381944 0.038542 0.076852
1 0.039062 0.457870 0.026042 0.071296
1 0.094271 0.503241 0.034375 0.063889
1 0.094271 0.718981 0.036458 0.084259
1 0.023177 0.885648 0.015104 0.025000
1 0.201042 0.786111 0.037500 0.061111
1 0.132812 0.781944 0.023958 0.030556
1 0.688281 0.057407 0.026562 0.051852
1 0.795312 0.101852 0.017708 0.035185
1 0.713802 0.491204 0.023438 0.037963
1 0.709375 0.666667 0.025000 0.055556
1 0.662240 0.961574 0.022396 0.052778
1 0.700521 0.950463 0.026042 0.052778
1 0.906771 0.515741 0.020833 0.042593
1 0.810937 0.273148 0.031250 0.064815
1 0.775781 0.265741 0.026562 0.053704
1 0.887760 0.206019 0.027604 0.036111
