1 0.026042 0.123148 0.039583 0.116667
1 0.076302 0.178241 0.013021 0.047222
1 0.088021 0.214815 0.026042 0.053704
1 0.038542 0.314352 0.037500 0.067593
1 0.028906 0.371296 0.039062 0.077778
1 0.230729 0.175000 0.073958 0.072222
1 0.236719 0.230093 0.026562 0.047222
1 0.236979 0.319907 0.022917 0.049074
1 0.367188 0.231481 0.018750 0.029630
1 0.355208 0.262500 0.013542 0.023148
1 0.236198 0.403704 0.013021 0.033333
1 0.041667 0.447685 0.039583 0.071296
1 0.092708 0.494907 0.033333 0.063889
1 0.198958 0.772222 0.037500 0.059259
1 0.129167 0.772222 0.027083 0.024074
1 0.092188 0.703704 0.032292 0.083333
1 0.662240 0.951389 0.023438 0.054630
1 0.699740 0.939352 0.022396 0.058333
1 0.687500 0.045833 0.027083 0.050926
1 0.795312 0.091204 0.018750 0.032407
1 0.775260 0.253704 0.030729 0.051852
1 0.709896 0.657407 0.023958 0.051852
