1 0.024219 0.110648 0.036979 0.121296
1 0.030990 0.435648 0.025521 0.073148
1 0.087500 0.485648 0.034375 0.063889
1 0.227604 0.163889 0.079167 0.074074
1 0.232552 0.217593 0.029687 0.046296
1 0.366146 0.218981 0.017708 0.025000
1 0.352604 0.249537 0.014583 0.023148
1 0.073958 0.167130 0.012500 0.041667
1 0.083854 0.202778 0.025000 0.059259
1 0.086198 0.694444 0.038021 0.081481
1 0.194010 0.762963 0.039062 0.061111
1 0.126823 0.763889 0.029687 0.025926
1 0.234896 0.307870 0.021875 0.047222
1 0.687240 0.032870 0.027604 0.050926
1 0.794531 0.079630 0.020313 0.042593
1 0.835677 0.394444 0.025521 0.024074
1 0.708594 0.645370 0.025521 0.059259
1 0.661979 0.944907 0.025000 0.054630
1 0.699740 0.931481 0.027604 0.061111
