1 0.022135 0.094444 0.041146 0.118519
1 0.073177 0.155093 0.011979 0.045370
1 0.083594 0.192130 0.026562 0.052778
1 0.225521 0.151852 0.079167 0.077778
1 0.035417 0.292593 0.039583 0.064815
1 0.025781 0.348148 0.039062 0.075926
1 0.233594 0.206019 0.028646 0.050926
1 0.233594 0.297222 0.025521 0.048148
1 0.375521 0.322685 0.014583 0.039815
1 0.031250 0.424074 0.031250 0.077778
1 0.086719 0.684722 0.035937 0.078704
1 0.193750 0.752315 0.036458 0.054630
1 0.125781 0.753704 0.029687 0.025926
1 0.365104 0.207870 0.018750 0.023148
1 0.797656 0.068981 0.018229 0.036111
1 0.777865 0.231019 0.030729 0.056481
1 0.889844 0.170833 0.026562 0.036111
1 0.661458 0.936111 0.023958 0.051852
1 0.699740 0.920833 0.027604 0.058333
