1 0.024740 0.086574 0.036979 0.117593
1 0.074219 0.143519 0.011979 0.050000
1 0.084896 0.179630 0.023958 0.051852
1 0.229687 0.138889 0.076042 0.075926
1 0.234635 0.194444 0.025521 0.042593
1 0.234635 0.285185 0.024479 0.048148
1 0.035937 0.277778 0.041667 0.062963
1 0.025781 0.334722 0.036979 0.078704
1 0.033073 0.412037 0.026562 0.075926
1 0.089323 0.462037 0.035937 0.064815
1 0.368750 0.194907 0.018750 0.025000
1 0.355729 0.228704 0.011458 0.024074
1 0.377344 0.308796 0.013021 0.045370
1 0.234635 0.368981 0.013021 0.026852
1 0.090365 0.676389 0.036979 0.078704
1 0.017708 0.844444 0.014583 0.016667
1 0.197656 0.742593 0.035937 0.059259
1 0.736458 0.087037 0.017708 0.037037
1 0.797917 0.056481 0.015625 0.024074
1 0.778646 0.218981 0.028125 0.049074
1 0.813281 0.230093 0.032813 0.069444
1 0.712500 0.628704 0.022917 0.051852
1 0.703125 0.911574 0.025000 0.050926
1 0.664583 0.922222 0.027083 0.048148
