1 0.028646 0.076852 0.036458 0.116667
1 0.078906 0.132407 0.014063 0.046296
1 0.090625 0.168981 0.027083 0.056481
1 0.234115 0.131481 0.075521 0.074074
1 0.239323 0.186574 0.025521 0.043519
1 0.239844 0.274074 0.023438 0.042593
1 0.042448 0.269444 0.035937 0.064815
1 0.030469 0.325926 0.038021 0.077778
1 0.038281 0.403704 0.025521 0.075926
1 0.372917 0.185648 0.018750 0.023148
1 0.240104 0.359259 0.012500 0.025926
1 0.093229 0.449537 0.033333 0.065741
1 0.201823 0.731019 0.035937 0.060185
1 0.132552 0.731944 0.027604 0.023148
1 0.095312 0.666667 0.037500 0.083333
1 0.021615 0.833333 0.015104 0.018519
1 0.669010 0.911111 0.023438 0.048148
1 0.705729 0.902778 0.027083 0.057407
1 0.716146 0.618056 0.028125 0.058333
1 0.895052 0.150463 0.024479 0.032407
1 0.783594 0.209259 0.029687 0.048148
1 0.800781 0.049537 0.017188 0.036111
