1 0.034635 0.063426 0.038021 0.115741
1 0.241406 0.118519 0.076563 0.072222
1 0.245312 0.174537 0.028125 0.043519
1 0.084635 0.120833 0.013021 0.045370
1 0.094271 0.157870 0.025000 0.050926
1 0.025000 0.243519 0.042708 0.062963
1 0.045573 0.257407 0.035937 0.066667
1 0.035677 0.312037 0.039062 0.075926
1 0.245312 0.263889 0.026042 0.046296
1 0.377865 0.176852 0.018229 0.024074
1 0.365365 0.207870 0.014063 0.023148
1 0.041406 0.390741 0.029687 0.075926
1 0.098958 0.437963 0.034375 0.066667
1 0.099219 0.650000 0.036979 0.079630
1 0.027604 0.822222 0.015625 0.016667
1 0.138802 0.718981 0.028646 0.026852
1 0.206250 0.719444 0.039583 0.061111
1 0.673698 0.900000 0.023438 0.053704
1 0.710938 0.891667 0.026042 0.053704
1 0.755729 0.964815 0.040625 0.059259
1 0.807813 0.037963 0.016667 0.033333
1 0.788542 0.199537 0.028125 0.050926
1 0.901042 0.142130 0.028125 0.030556
1 0.721875 0.605556 0.025000 0.051852
