1 0.245312 0.107407 0.077083 0.072222
1 0.250260 0.160648 0.030729 0.043519
1 0.089844 0.109259 0.010937 0.044444
1 0.250521 0.250463 0.023958 0.041667
1 0.033333 0.230556 0.045833 0.066667
1 0.042448 0.300463 0.034896 0.080556
1 0.048958 0.375000 0.026042 0.074074
1 0.105208 0.639352 0.033333 0.084259
1 0.211198 0.705093 0.039062 0.058333
1 0.143229 0.706019 0.028125 0.025000
1 0.033073 0.807870 0.014063 0.015741
1 0.811979 0.028241 0.015625 0.032407
1 0.793229 0.188426 0.031250 0.050926
1 0.904167 0.130093 0.028125 0.037963
1 0.852344 0.346296 0.025521 0.024074
1 0.726042 0.593981 0.025000 0.052778
1 0.678125 0.889352 0.023958 0.050926
1 0.714323 0.879630 0.028646 0.053704
1 0.760938 0.953241 0.042708 0.058333
