1 0.094271 0.095370 0.011458 0.044444
1 0.104688 0.132407 0.026042 0.051852
1 0.249479 0.093981 0.075000 0.073148
1 0.255208 0.147685 0.027083 0.045370
1 0.051823 0.364352 0.027604 0.075000
1 0.108854 0.412500 0.033333 0.065741
1 0.255208 0.240741 0.023958 0.044444
1 0.108594 0.627315 0.036979 0.076852
1 0.215885 0.694907 0.038021 0.056481
1 0.147396 0.694907 0.029167 0.025000
1 0.036979 0.219444 0.052083 0.066667
1 0.057292 0.229630 0.037500 0.062963
1 0.046615 0.283333 0.036979 0.087037
1 0.387760 0.151852 0.021354 0.022222
1 0.797135 0.178241 0.028646 0.050926
1 0.816406 0.019907 0.020313 0.036111
1 0.730990 0.583333 0.023438 0.057407
1 0.681250 0.876389 0.025000 0.052778
1 0.718490 0.868981 0.027604 0.058333
1 0.763542 0.943981 0.041667 0.056481
1 0.856771 0.335185 0.023958 0.027778
