1 0.259375 0.226852 0.022917 0.042593
1 0.253385 0.080556 0.077604 0.074074
1 0.258854 0.136574 0.026042 0.043519
1 0.097656 0.081481 0.013021 0.042593
1 0.108073 0.120370 0.024479 0.057407
1 0.055208 0.349537 0.028125 0.075000
1 0.040365 0.204630 0.052604 0.070370
1 0.057813 0.221296 0.037500 0.055556
1 0.049740 0.274537 0.035937 0.078704
1 0.111198 0.399537 0.035937 0.067593
1 0.044271 0.489352 0.086458 0.134259
1 0.113542 0.612500 0.034375 0.076852
1 0.219531 0.682407 0.035937 0.057407
1 0.151823 0.681019 0.028646 0.030556
1 0.912500 0.112963 0.025000 0.033333
1 0.800260 0.170833 0.031771 0.047222
1 0.734115 0.573148 0.024479 0.057407
1 0.685417 0.864352 0.023958 0.050926
1 0.722656 0.857407 0.023438 0.053704
1 0.258594 0.313426 0.015104 0.032407
