1 0.042188 0.190741 0.047917 0.068519
1 0.059375 0.201389 0.038542 0.065741
1 0.260156 0.212963 0.022396 0.044444
1 0.259896 0.121759 0.027083 0.045370
1 0.254167 0.066204 0.076042 0.076852
1 0.098958 0.067130 0.013542 0.043519
1 0.108073 0.105556 0.025521 0.053704
1 0.392708 0.127315 0.019792 0.021296
1 0.055729 0.333796 0.029167 0.075000
1 0.050521 0.258333 0.035417 0.077778
1 0.046354 0.475463 0.085417 0.143519
1 0.113021 0.383796 0.032292 0.071296
1 0.259115 0.298148 0.009896 0.029630
1 0.112760 0.597222 0.036979 0.083333
1 0.149740 0.665741 0.026562 0.027778
1 0.219010 0.665741 0.036979 0.062963
1 0.932031 0.412500 0.022396 0.037963
1 0.734896 0.557870 0.029167 0.058333
1 0.685937 0.852315 0.027083 0.049074
1 0.723437 0.845833 0.026042 0.060185
1 0.767969 0.916667 0.041146 0.059259
