1 0.100781 0.050463 0.008854 0.047222
1 0.111458 0.092130 0.025000 0.054630
1 0.257292 0.052315 0.077083 0.071296
1 0.260677 0.105556 0.027604 0.044444
1 0.259375 0.195833 0.025000 0.047222
1 0.057813 0.316204 0.027083 0.073148
1 0.042708 0.171296 0.050000 0.070370
1 0.112760 0.367130 0.035937 0.067593
1 0.048438 0.456944 0.087500 0.137963
1 0.130469 0.223148 0.035937 0.051852
1 0.112760 0.580556 0.035937 0.075926
1 0.220573 0.648611 0.035937 0.056481
1 0.152604 0.648148 0.028125 0.027778
1 0.736458 0.544444 0.025000 0.057407
1 0.685677 0.834259 0.023438 0.059259
1 0.767708 0.901852 0.040625 0.057407
1 0.723177 0.826389 0.026562 0.050926
