1 0.100000 0.031481 0.012500 0.046296
1 0.110937 0.068519 0.025000 0.057407
1 0.042708 0.152778 0.048958 0.074074
1 0.061198 0.161574 0.038021 0.063889
1 0.064062 0.295833 0.044792 0.073148
1 0.114323 0.346296 0.035937 0.064815
1 0.048438 0.435185 0.084375 0.142593
1 0.261198 0.087037 0.030729 0.048148
1 0.262240 0.175000 0.021354 0.046296
1 0.114323 0.563889 0.032813 0.079630
1 0.151823 0.626852 0.027604 0.025926
1 0.220312 0.629167 0.035417 0.062037
1 0.394010 0.090741 0.020313 0.024074
1 0.804427 0.123148 0.027604 0.048148
1 0.733854 0.525926 0.026042 0.059259
1 0.766927 0.884259 0.041146 0.059259
1 0.685677 0.814352 0.021354 0.052778
1 0.723177 0.807870 0.026562 0.054630
