1 0.111458 0.044907 0.025000 0.058333
1 0.043750 0.128241 0.051042 0.071296
1 0.061198 0.139815 0.038021 0.066667
1 0.052083 0.196296 0.035417 0.077778
1 0.260937 0.062500 0.028125 0.047222
1 0.114583 0.324537 0.032292 0.069444
1 0.057552 0.275463 0.027604 0.075000
1 0.046875 0.412500 0.085417 0.147222
1 0.259896 0.151389 0.023958 0.043519
1 0.259896 0.237037 0.012500 0.027778
1 0.113021 0.537037 0.035417 0.079630
1 0.220312 0.606481 0.036458 0.061111
1 0.151302 0.604630 0.029687 0.025926
1 0.765885 0.860185 0.041146 0.055556
1 0.684635 0.793056 0.024479 0.049074
1 0.721094 0.787037 0.027604 0.055556
1 0.734635 0.505556 0.027604 0.057407
1 0.805469 0.100463 0.027604 0.049074
