1 0.260937 0.126852 0.023958 0.044444
1 0.260937 0.037500 0.027083 0.050926
1 0.041667 0.101389 0.048958 0.069444
1 0.060156 0.111574 0.040104 0.062037
1 0.050260 0.166204 0.035937 0.082407
1 0.054427 0.246759 0.030729 0.075000
1 0.111979 0.300000 0.034375 0.064815
1 0.046094 0.386111 0.083854 0.140741
1 0.260417 0.214815 0.012500 0.027778
1 0.111719 0.512037 0.035937 0.079630
1 0.217969 0.581944 0.036979 0.058333
1 0.151562 0.580556 0.029167 0.022222
1 0.037500 0.678704 0.015625 0.018519
1 0.805469 0.080556 0.026562 0.051852
1 0.863542 0.237037 0.026042 0.025926
1 0.735156 0.481481 0.024479 0.061111
1 0.684375 0.770370 0.025000 0.051852
1 0.719271 0.762500 0.028125 0.052778
1 0.766146 0.837500 0.040625 0.056481
