1 0.040885 0.071759 0.050521 0.067593
1 0.058594 0.087500 0.038021 0.065741
1 0.048438 0.138889 0.038542 0.079630
1 0.055469 0.218519 0.030729 0.074074
1 0.260417 0.100926 0.021875 0.050000
1 0.111719 0.270833 0.034896 0.065741
1 0.045052 0.358796 0.085938 0.141667
1 0.112500 0.484259 0.031250 0.077778
1 0.259375 0.185185 0.013542 0.027778
1 0.149479 0.552315 0.029167 0.028704
1 0.218229 0.556481 0.038542 0.057407
1 0.353125 0.937500 0.031250 0.052778
1 0.807031 0.054630 0.031771 0.053704
1 0.864062 0.214352 0.023958 0.023148
1 0.736198 0.456019 0.022396 0.060185
1 0.684115 0.744444 0.024479 0.048148
1 0.720573 0.738889 0.028646 0.053704
1 0.765365 0.814352 0.042188 0.056481
0 0.448958 0.756481 0.269792 0.431481
