0 0.410677 0.675463 0.321354 0.623148
1 0.600521 0.536111 0.034375 0.059259
1 0.328646 0.210648 0.022917 0.039815
1 0.499740 0.299537 0.016146 0.047222
1 0.923438 0.654630 0.020833 0.037037
1 0.433333 0.304167 0.021875 0.049074
1 0.700781 0.373148 0.035937 0.051852
1 0.665885 0.941204 0.015104 0.050926
1 0.380729 0.399074 0.020833 0.053704
1 0.481250 0.351389 0.022917 0.041667
1 0.965104 0.498611 0.022917 0.050926
1 0.932292 0.202315 0.042708 0.047222
1 0.255990 0.553241 0.038021 0.065741
1 0.497917 0.955556 0.012500 0.038889
