1 0.040625 0.047222 0.051042 0.072222
1 0.059375 0.060185 0.034375 0.064815
1 0.051042 0.107407 0.037500 0.085185
1 0.054167 0.188426 0.029167 0.076852
1 0.260677 0.157407 0.011979 0.029630
1 0.045833 0.330556 0.087500 0.137037
1 0.110937 0.247222 0.033333 0.070370
1 0.113281 0.454167 0.033854 0.080556
1 0.219792 0.526852 0.038542 0.059259
1 0.260417 0.072685 0.021875 0.045370
1 0.151042 0.525463 0.030208 0.026852
1 0.036198 0.626389 0.014063 0.019444
1 0.735677 0.431481 0.021354 0.059259
1 0.685156 0.719444 0.022396 0.053704
1 0.720833 0.712963 0.027083 0.051852
1 0.765365 0.788426 0.042188 0.054630
0 0.451302 0.734259 0.272396 0.429630
