0 0.453385 0.698148 0.274479 0.425926
1 0.050521 0.087500 0.040625 0.078704
1 0.263021 0.047685 0.026042 0.052778
1 0.112760 0.214352 0.038021 0.078704
1 0.111719 0.430093 0.035937 0.082407
1 0.045833 0.303241 0.087500 0.143519
1 0.151042 0.500926 0.028125 0.027778
1 0.221094 0.501389 0.040104 0.054630
1 0.054427 0.160648 0.031771 0.075000
1 0.130990 0.069444 0.044271 0.061111
1 0.354167 0.883333 0.029167 0.051852
1 0.492969 0.965278 0.017188 0.039815
1 0.492969 0.943981 0.057813 0.030556
1 0.260937 0.133333 0.011458 0.029630
1 0.767188 0.766667 0.040625 0.055556
1 0.686198 0.698148 0.022396 0.053704
1 0.722396 0.693056 0.026042 0.054630
1 0.738021 0.408333 0.022917 0.061111
