0 0.453906 0.677778 0.271354 0.433333
1 0.055469 0.134722 0.028646 0.075000
1 0.263021 0.106944 0.011458 0.026852
1 0.116146 0.192130 0.031250 0.065741
1 0.047917 0.278241 0.087500 0.145370
1 0.113021 0.402315 0.035417 0.084259
1 0.151823 0.474074 0.030729 0.025926
1 0.222135 0.475926 0.038021 0.062963
1 0.494792 0.942130 0.016667 0.037963
1 0.496094 0.918981 0.056771 0.026852
1 0.740625 0.384722 0.026042 0.060185
1 0.687240 0.675000 0.028646 0.050000
1 0.724219 0.670370 0.026562 0.053704
1 0.768750 0.743981 0.042708 0.056481
1 0.682031 0.773611 0.029687 0.056481
1 0.514323 0.953704 0.044271 0.068519
