0 0.458333 0.659259 0.277083 0.437037
1 0.062500 0.109722 0.046875 0.075000
1 0.116406 0.167130 0.031771 0.071296
1 0.047135 0.254167 0.085938 0.143519
1 0.113542 0.381944 0.038542 0.086111
1 0.151302 0.452315 0.031771 0.026852
1 0.038021 0.549537 0.016667 0.019444
1 0.691406 0.658796 0.024479 0.049074
1 0.726042 0.651389 0.023958 0.056481
1 0.683333 0.753241 0.030208 0.050926
1 0.770833 0.725000 0.040625 0.059259
1 0.221615 0.453704 0.035937 0.055556
1 0.496094 0.899537 0.056771 0.025000
1 0.494792 0.922222 0.017708 0.038889
1 0.517708 0.933333 0.040625 0.062963
