0 0.453125 0.641667 0.272917 0.429630
1 0.061719 0.094907 0.046354 0.075000
1 0.115104 0.152315 0.037500 0.071296
1 0.048698 0.237963 0.086979 0.153704
1 0.264583 0.068519 0.013542 0.031481
1 0.113281 0.366667 0.039062 0.077778
1 0.222135 0.440278 0.035937 0.060185
1 0.152604 0.437500 0.028125 0.028704
1 0.494792 0.904167 0.015625 0.037963
1 0.494531 0.885185 0.056771 0.027778
1 0.515365 0.920833 0.040104 0.069444
1 0.741667 0.352778 0.022917 0.059259
1 0.688542 0.642593 0.025000 0.053704
1 0.725781 0.637500 0.026562 0.058333
1 0.770052 0.712500 0.040104 0.056481
1 0.681510 0.739352 0.029687 0.054630
