0 0.455990 0.626389 0.272396 0.436111
1 0.061719 0.079630 0.043229 0.077778
1 0.114844 0.138889 0.031771 0.070370
1 0.046354 0.223148 0.088542 0.144444
1 0.110417 0.352315 0.041667 0.076852
1 0.220573 0.427778 0.040104 0.057407
1 0.151562 0.423611 0.029167 0.028704
1 0.038281 0.518519 0.016146 0.016667
1 0.355469 0.811574 0.028646 0.047222
1 0.493750 0.870833 0.056250 0.026852
1 0.493229 0.891204 0.019792 0.037963
1 0.512760 0.900926 0.043229 0.062963
1 0.686719 0.631019 0.023438 0.054630
1 0.724219 0.625463 0.028646 0.052778
1 0.743229 0.342130 0.020833 0.060185
1 0.767448 0.702315 0.041146 0.056481
1 0.679688 0.726852 0.028125 0.061111
