0 0.456510 0.607407 0.278646 0.437037
1 0.060156 0.057407 0.046354 0.072222
1 0.044792 0.205556 0.088542 0.148148
1 0.111719 0.117593 0.036979 0.072222
1 0.110937 0.332407 0.039583 0.090741
1 0.149740 0.403704 0.030729 0.027778
1 0.217708 0.407870 0.037500 0.060185
1 0.261719 0.036111 0.013021 0.027778
1 0.352865 0.793056 0.029687 0.049074
1 0.491146 0.850926 0.054167 0.025926
1 0.490104 0.872222 0.017708 0.040741
1 0.510677 0.887037 0.040104 0.070370
1 0.489063 0.965741 0.036458 0.051852
1 0.513021 0.955556 0.019792 0.062963
1 0.676823 0.710648 0.029687 0.058333
1 0.741927 0.323611 0.023438 0.060185
1 0.686979 0.611574 0.023958 0.050926
1 0.721875 0.607870 0.029167 0.058333
1 0.765625 0.682407 0.042708 0.055556
