0 0.425000 0.179167 0.217708 0.287963
0 0.429167 0.399537 0.272917 0.341667
0 0.432812 0.603704 0.275000 0.403704
1 0.621875 0.298611 0.051042 0.086111
1 0.698698 0.115278 0.039062 0.082407
1 0.619271 0.184722 0.030208 0.082407
1 0.296354 0.866667 0.039583 0.055556
1 0.351302 0.941667 0.027604 0.051852
1 0.189844 0.508333 0.027604 0.053704
1 0.684635 0.544444 0.031771 0.040741
1 0.832031 0.088889 0.032813 0.062963
1 0.748437 0.597222 0.020833 0.057407
1 0.096875 0.041204 0.037500 0.050926
1 0.558594 0.046759 0.035937 0.060185
