0 0.841406 0.365741 0.268229 0.216667
1 0.184375 0.100926 0.029167 0.046296
1 0.126042 0.339352 0.028125 0.056481
1 0.131510 0.421296 0.025521 0.055556
1 0.132812 0.531481 0.033333 0.059259
1 0.235156 0.487963 0.036979 0.064815
1 0.613542 0.111574 0.015625 0.045370
1 0.695833 0.185648 0.020833 0.037963
1 0.708854 0.473148 0.027083 0.046296
1 0.642188 0.385185 0.016667 0.031481
1 0.884635 0.167130 0.019271 0.067593
1 0.696615 0.743519 0.044271 0.038889
1 0.752344 0.779630 0.026562 0.040741
1 0.622656 0.737037 0.036979 0.055556
1 0.917708 0.894907 0.032292 0.032407
1 0.460156 0.606019 0.022396 0.045370
1 0.310677 0.478241 0.029687 0.050926
