0 0.743229 0.387500 0.329167 0.230556
1 0.104167 0.141204 0.032292 0.045370
1 0.099219 0.182870 0.047396 0.047222
1 0.047396 0.382870 0.029167 0.058333
1 0.054948 0.463426 0.026562 0.058333
1 0.163802 0.527778 0.039062 0.062963
1 0.058333 0.574074 0.035417 0.057407
1 0.393229 0.633796 0.016667 0.034259
1 0.557031 0.764352 0.032813 0.049074
1 0.630729 0.764352 0.042708 0.039815
1 0.852083 0.910648 0.031250 0.028704
1 0.685417 0.797685 0.026042 0.039815
1 0.955469 0.684722 0.023438 0.036111
1 0.541146 0.133796 0.015625 0.043519
1 0.894531 0.262037 0.039062 0.038889
1 0.962760 0.165278 0.017188 0.063889
