0 0.735938 0.390278 0.311458 0.213889
1 0.090625 0.147222 0.030208 0.050000
1 0.085677 0.188889 0.049479 0.051852
1 0.611198 0.210648 0.024479 0.039815
1 0.528125 0.138426 0.018750 0.047222
1 0.033333 0.387500 0.028125 0.060185
1 0.041406 0.469444 0.028646 0.053704
1 0.620313 0.768056 0.042708 0.043519
1 0.043750 0.579630 0.038542 0.059259
1 0.380729 0.638426 0.017708 0.037963
1 0.544792 0.767593 0.035417 0.057407
1 0.149219 0.531944 0.036979 0.063889
1 0.950521 0.169907 0.017708 0.065741
1 0.839063 0.915741 0.034375 0.037037
