0 0.535156 0.566204 0.315104 0.228704
1 0.478906 0.146759 0.031771 0.047222
1 0.329427 0.298611 0.020313 0.047222
1 0.362240 0.577778 0.016146 0.031481
1 0.409375 0.372222 0.021875 0.046296
1 0.549740 0.292130 0.009896 0.025000
1 0.561719 0.254167 0.039062 0.065741
1 0.597396 0.345833 0.021875 0.063889
1 0.422135 0.938889 0.043229 0.046296
1 0.748177 0.114352 0.010937 0.025000
1 0.480729 0.970370 0.023958 0.046296
1 0.751302 0.331019 0.013021 0.063889
1 0.954688 0.358333 0.027083 0.040741
1 0.340625 0.943056 0.037500 0.058333
1 0.294010 0.830556 0.031771 0.057407
