0 0.534635 0.662500 0.299479 0.191667
1 0.481771 0.255093 0.028125 0.041667
1 0.563021 0.363426 0.035417 0.056481
1 0.579948 0.409722 0.033854 0.054630
1 0.334896 0.398611 0.017708 0.043519
1 0.322135 0.573148 0.046354 0.070370
1 0.180990 0.899074 0.018229 0.038889
1 0.763021 0.245833 0.033333 0.067593
1 0.720052 0.099537 0.029687 0.028704
1 0.947396 0.482407 0.025000 0.038889
1 0.748437 0.454630 0.014583 0.064815
1 0.697656 0.493056 0.045312 0.075000
1 0.414062 0.475000 0.021875 0.040741
1 0.511979 0.493519 0.032292 0.064815
1 0.534896 0.521296 0.036458 0.059259
1 0.597396 0.460648 0.019792 0.063889
