0 0.543490 0.691667 0.302604 0.220370
1 0.490885 0.276389 0.027604 0.039815
1 0.569531 0.388889 0.036979 0.059259
1 0.421615 0.494444 0.022396 0.038889
1 0.330729 0.591667 0.042708 0.066667
1 0.301823 0.934722 0.029687 0.062037
1 0.439583 0.778241 0.027083 0.052778
1 0.754167 0.478704 0.013542 0.068519
1 0.683073 0.572685 0.035937 0.045370
1 0.703906 0.516667 0.045312 0.081481
1 0.518490 0.512963 0.029687 0.062963
1 0.541146 0.542593 0.036458 0.057407
1 0.587500 0.431944 0.032292 0.060185
1 0.188021 0.915278 0.021875 0.036111
1 0.728646 0.125463 0.031250 0.025000
1 0.604688 0.482407 0.021875 0.061111
1 0.769531 0.270833 0.032813 0.062037
1 0.952344 0.508333 0.029687 0.038889
