0 0.542448 0.693056 0.298438 0.193519
1 0.493229 0.281019 0.028125 0.036111
1 0.346615 0.422685 0.018229 0.041667
1 0.331771 0.595833 0.041667 0.067593
1 0.423958 0.500926 0.020833 0.044444
1 0.519792 0.522222 0.032292 0.062963
1 0.545052 0.548611 0.035937 0.052778
1 0.571875 0.393056 0.034375 0.054630
1 0.561458 0.429167 0.007292 0.021296
1 0.440625 0.782407 0.027083 0.051852
1 0.301823 0.939352 0.029687 0.056481
1 0.772917 0.274537 0.032292 0.062037
1 0.756771 0.482407 0.013542 0.066667
1 0.706771 0.523611 0.043750 0.078704
1 0.607552 0.491667 0.021354 0.064815
1 0.730990 0.132407 0.028646 0.029630
1 0.955469 0.515741 0.028646 0.040741
