0 0.548177 0.700000 0.309896 0.200000
1 0.334896 0.603241 0.050000 0.076852
1 0.495573 0.290278 0.025521 0.039815
1 0.346094 0.427778 0.017188 0.044444
1 0.425521 0.504630 0.020833 0.048148
1 0.375260 0.703704 0.016146 0.025926
1 0.441406 0.788426 0.028646 0.049074
1 0.303385 0.946296 0.028646 0.057407
1 0.522135 0.527315 0.028646 0.058333
1 0.546875 0.554630 0.033333 0.059259
1 0.563021 0.435185 0.009375 0.022222
1 0.685156 0.585648 0.035937 0.047222
1 0.775260 0.282407 0.034896 0.062963
1 0.732552 0.138889 0.031771 0.027778
1 0.574740 0.398611 0.033854 0.052778
1 0.608333 0.494907 0.020833 0.060185
1 0.591667 0.443519 0.033333 0.055556
1 0.759115 0.490741 0.016146 0.066667
1 0.708854 0.528704 0.044792 0.081481
1 0.957812 0.522685 0.029167 0.041667
