0 0.543229 0.714352 0.303125 0.215741
1 0.496094 0.296759 0.028646 0.041667
1 0.574479 0.405093 0.036458 0.058333
1 0.333333 0.611111 0.041667 0.070370
1 0.374479 0.713426 0.016667 0.028704
1 0.441927 0.798611 0.023438 0.054630
1 0.425260 0.513889 0.022396 0.040741
1 0.521615 0.534259 0.028646 0.066667
1 0.546615 0.563889 0.034896 0.059259
1 0.686458 0.592130 0.034375 0.039815
1 0.609375 0.504630 0.019792 0.068519
1 0.708854 0.539352 0.044792 0.082407
1 0.760417 0.500463 0.013542 0.065741
1 0.775781 0.291204 0.033854 0.069444
1 0.735156 0.146296 0.028646 0.027778
1 0.958333 0.532407 0.028125 0.040741
