0 0.543229 0.716204 0.309375 0.197222
0 0.432292 0.370370 0.234375 0.312963
1 0.495312 0.301852 0.028125 0.037037
1 0.346354 0.443519 0.017708 0.048148
1 0.425000 0.519907 0.022917 0.043519
1 0.332292 0.617593 0.042708 0.068519
1 0.522917 0.542130 0.033333 0.062037
1 0.547917 0.571296 0.035417 0.061111
1 0.441667 0.808796 0.028125 0.054630
1 0.374479 0.719444 0.014583 0.031481
1 0.686458 0.603241 0.035417 0.043519
1 0.610677 0.516667 0.020313 0.064815
1 0.592969 0.462500 0.034896 0.056481
1 0.576302 0.413889 0.034896 0.061111
1 0.760938 0.505556 0.013542 0.064815
1 0.709896 0.547222 0.046875 0.079630
1 0.777604 0.298611 0.034375 0.065741
1 0.959896 0.542130 0.030208 0.039815
