0 0.547396 0.729630 0.313542 0.209259
0 0.437500 0.378241 0.238542 0.308333
1 0.333333 0.623148 0.044792 0.070370
1 0.497135 0.308796 0.027604 0.039815
1 0.427083 0.526852 0.021875 0.044444
1 0.444531 0.815741 0.027604 0.051852
1 0.524479 0.549537 0.029167 0.058333
1 0.549479 0.580093 0.035417 0.058333
1 0.737240 0.160185 0.030729 0.029630
1 0.779427 0.305093 0.034896 0.069444
1 0.712240 0.555556 0.045312 0.087037
1 0.688802 0.611111 0.039062 0.044444
1 0.576562 0.422222 0.034375 0.053704
1 0.595313 0.468519 0.031250 0.050000
1 0.612500 0.519907 0.021875 0.065741
1 0.764323 0.517593 0.011979 0.068519
1 0.961979 0.548611 0.031250 0.039815
