1 0.753125 0.567593 0.039583 0.053704
1 0.657031 0.736574 0.036979 0.065741
1 0.376042 0.418519 0.022917 0.035185
1 0.109635 0.177778 0.034896 0.048148
1 0.978125 0.843056 0.020833 0.045370
1 0.531771 0.552315 0.017708 0.043519
1 0.547656 0.499537 0.015104 0.045370
1 0.482292 0.506944 0.022917 0.047222
1 0.308854 0.761111 0.034375 0.077778
1 0.978385 0.382870 0.038021 0.049074
1 0.258854 0.286111 0.014583 0.029630
1 0.360417 0.044907 0.022917 0.060185
1 0.306771 0.454167 0.033333 0.050926
1 0.079687 0.557407 0.020833 0.050000
