0 0.420833 0.175463 0.218750 0.267593
0 0.432552 0.436574 0.275521 0.287963
0 0.435156 0.620370 0.272396 0.385185
1 0.292708 0.876852 0.048958 0.066667
1 0.765365 0.568519 0.047396 0.070370
1 0.627344 0.302315 0.036979 0.063889
1 0.701042 0.121296 0.043750 0.062963
1 0.830729 0.094907 0.022917 0.045370
1 0.621094 0.189815 0.027604 0.085185
1 0.193490 0.515741 0.049479 0.061111
1 0.343490 0.950000 0.035937 0.055556
1 0.682031 0.555093 0.023438 0.037963
1 0.606250 0.329167 0.044792 0.100926
1 0.752604 0.725000 0.025000 0.038889
1 0.117188 0.182870 0.029167 0.034259
1 0.044271 0.646296 0.030208 0.037037
