0 0.579167 0.323148 0.330208 0.538889
1 0.400781 0.543981 0.024479 0.039815
1 0.779427 0.671296 0.038021 0.059259
1 0.958594 0.354630 0.028646 0.048148
1 0.341927 0.894907 0.035937 0.062037
1 0.558073 0.666667 0.017188 0.040741
1 0.573958 0.615741 0.016667 0.038889
1 0.507292 0.622222 0.027083 0.046296
1 0.279948 0.420833 0.021354 0.023148
1 0.374219 0.169444 0.033854 0.072222
1 0.303646 0.362037 0.012500 0.024074
1 0.338542 0.360648 0.010417 0.026852
1 0.689583 0.848611 0.037500 0.071296
1 0.131250 0.322222 0.033333 0.055556
