0 0.586719 0.365278 0.335938 0.528704
1 0.567448 0.706019 0.022396 0.045370
1 0.699479 0.887500 0.036458 0.063889
1 0.792448 0.708333 0.036979 0.051852
1 0.409115 0.587037 0.024479 0.038889
1 0.384115 0.212500 0.029687 0.060185
1 0.350260 0.936111 0.036979 0.070370
1 0.496875 0.664815 0.014583 0.037037
1 0.535156 0.606944 0.017188 0.019444
1 0.582031 0.655556 0.018229 0.044444
1 0.288281 0.460185 0.018229 0.022222
1 0.266146 0.571296 0.071875 0.125926
1 0.343750 0.629630 0.029167 0.050000
1 0.137760 0.367130 0.034896 0.054630
1 0.309896 0.403241 0.016667 0.021296
1 0.218750 0.385648 0.016667 0.021296
1 0.215885 0.566204 0.035937 0.054630
