0 0.592969 0.383796 0.343229 0.549074
1 0.792708 0.724074 0.041667 0.050000
1 0.700521 0.904630 0.042708 0.074074
1 0.412500 0.605556 0.029167 0.042593
1 0.288021 0.474537 0.015625 0.026852
1 0.162240 0.553241 0.045312 0.082407
1 0.266927 0.592593 0.067187 0.127778
1 0.342969 0.645370 0.031771 0.055556
1 0.137760 0.378241 0.036979 0.049074
1 0.381771 0.223148 0.030208 0.059259
1 0.350781 0.953704 0.046354 0.068519
1 0.220052 0.400000 0.016146 0.025926
1 0.975000 0.073148 0.028125 0.048148
1 0.973698 0.144907 0.015104 0.025000
