0 0.590625 0.423148 0.339583 0.592593
1 0.570833 0.742130 0.019792 0.045370
1 0.411719 0.623148 0.023438 0.037037
1 0.977865 0.415278 0.021354 0.041667
1 0.384635 0.241667 0.029687 0.053704
1 0.700521 0.921296 0.038542 0.064815
1 0.977083 0.085648 0.030208 0.056481
1 0.343750 0.670833 0.028125 0.050926
1 0.795573 0.743981 0.035937 0.062037
1 0.498177 0.698148 0.017188 0.048148
1 0.471354 0.802315 0.022917 0.049074
1 0.136458 0.400463 0.031250 0.056481
1 0.288542 0.495370 0.014583 0.018519
1 0.399479 0.463889 0.015625 0.048148
1 0.118490 0.788889 0.020313 0.046296
1 0.156771 0.576389 0.040625 0.087963
1 0.216927 0.602778 0.031771 0.040741
1 0.346615 0.437500 0.011979 0.023148
1 0.218229 0.419444 0.014583 0.022222
