0 0.597656 0.462500 0.330729 0.597222
1 0.411458 0.652778 0.023958 0.033333
1 0.133854 0.429167 0.036458 0.062037
1 0.384896 0.272222 0.030208 0.057407
1 0.972656 0.087037 0.031771 0.048148
1 0.796094 0.775926 0.034896 0.055556
1 0.569531 0.770833 0.017188 0.045370
1 0.585938 0.718981 0.018750 0.043519
1 0.471875 0.834722 0.025000 0.049074
1 0.287760 0.522685 0.015104 0.032407
1 0.398438 0.493981 0.015625 0.049074
1 0.981250 0.448611 0.032292 0.050926
1 0.720052 0.165278 0.028646 0.034259
1 0.217448 0.450463 0.016146 0.030556
1 0.156510 0.605556 0.039062 0.094444
1 0.214323 0.637500 0.029687 0.043519
1 0.342448 0.697685 0.030729 0.049074
1 0.701302 0.956944 0.034896 0.067593
