0 0.586198 0.487500 0.335938 0.595370
1 0.131250 0.460648 0.031250 0.054630
1 0.282552 0.554630 0.015104 0.029630
1 0.394531 0.525000 0.013021 0.055556
1 0.423958 0.372685 0.019792 0.041667
1 0.379167 0.305093 0.031250 0.060185
1 0.978385 0.479167 0.032813 0.050926
1 0.791927 0.807870 0.039062 0.056481
1 0.564323 0.800926 0.022396 0.040741
1 0.581510 0.749537 0.017188 0.041667
1 0.407552 0.683796 0.028646 0.039815
1 0.339062 0.732407 0.032292 0.057407
1 0.153646 0.636574 0.041667 0.091667
1 0.112240 0.850926 0.018229 0.053704
1 0.467187 0.868056 0.026042 0.060185
1 0.975781 0.147222 0.032813 0.062963
1 0.213021 0.481481 0.014583 0.027778
1 0.342448 0.497685 0.013021 0.032407
