0 0.427083 0.215278 0.232292 0.321296
0 0.428125 0.471759 0.276042 0.300926
0 0.437760 0.643519 0.272396 0.429630
1 0.704688 0.137500 0.042708 0.076852
1 0.632292 0.323611 0.036458 0.060185
1 0.752083 0.620833 0.028125 0.052778
1 0.189844 0.532870 0.034896 0.071296
1 0.112500 0.188889 0.022917 0.044444
1 0.298438 0.905556 0.051042 0.074074
1 0.624219 0.210648 0.030729 0.087963
1 0.044792 0.673611 0.027083 0.052778
1 0.350781 0.971296 0.036979 0.044444
1 0.833854 0.107407 0.026042 0.053704
1 0.655990 0.483333 0.029687 0.085185
1 0.688281 0.574074 0.028646 0.044444
