0 0.575000 0.512500 0.344792 0.595370
1 0.419010 0.392593 0.018229 0.035185
1 0.401302 0.703704 0.023438 0.033333
1 0.972656 0.170370 0.033854 0.062963
1 0.973958 0.503241 0.033333 0.052778
1 0.688802 0.429630 0.025521 0.025926
1 0.278385 0.570833 0.018229 0.030556
1 0.388281 0.543056 0.013021 0.039815
1 0.785156 0.831944 0.035937 0.062037
1 0.332031 0.752315 0.033854 0.060185
1 0.126823 0.481481 0.038021 0.064815
1 0.375260 0.322222 0.033854 0.064815
1 0.559896 0.818519 0.023958 0.048148
1 0.576562 0.771759 0.020833 0.039815
1 0.461198 0.887500 0.023438 0.052778
1 0.335677 0.516667 0.013021 0.027778
1 0.145833 0.653704 0.041667 0.085185
1 0.867448 0.039352 0.033854 0.063889
1 0.741406 0.761574 0.027604 0.045370
