0 0.578125 0.534722 0.346875 0.606481
1 0.370052 0.341204 0.028646 0.058333
1 0.968750 0.194444 0.034375 0.061111
1 0.970573 0.522222 0.034896 0.044444
1 0.781510 0.850926 0.039062 0.053704
1 0.864062 0.060185 0.032292 0.068519
1 0.272917 0.591667 0.019792 0.035185
1 0.332031 0.532407 0.015104 0.027778
1 0.384896 0.564815 0.019792 0.050000
1 0.395833 0.726852 0.026042 0.042593
1 0.554688 0.841667 0.022917 0.044444
1 0.571094 0.791204 0.019271 0.041667
1 0.140885 0.674537 0.044271 0.099074
1 0.121094 0.498611 0.035937 0.062037
1 0.201823 0.514815 0.013021 0.025926
1 0.709115 0.238426 0.034896 0.036111
1 0.737760 0.780093 0.027604 0.036111
1 0.198437 0.698611 0.034375 0.037963
1 0.329427 0.767593 0.030729 0.053704
1 0.483594 0.796759 0.015104 0.041667
1 0.456771 0.906481 0.022917 0.061111
1 0.522917 0.741204 0.018750 0.025000
