0 0.572917 0.563889 0.343750 0.585185
1 0.367448 0.371759 0.028646 0.058333
1 0.114844 0.519907 0.033854 0.052778
1 0.962760 0.225463 0.032813 0.062037
1 0.775000 0.883333 0.041667 0.057407
1 0.190104 0.733333 0.034375 0.046296
1 0.323437 0.797685 0.025000 0.058333
1 0.968229 0.553241 0.042708 0.054630
1 0.703385 0.269444 0.028646 0.029630
1 0.115885 0.032407 0.036979 0.051852
1 0.450521 0.936574 0.020833 0.049074
1 0.733073 0.810185 0.026562 0.040741
1 0.390104 0.750926 0.025000 0.035185
1 0.550260 0.870370 0.022396 0.051852
1 0.498958 0.831481 0.026042 0.055556
1 0.267188 0.618056 0.020833 0.026852
1 0.379427 0.592130 0.014063 0.050926
1 0.327344 0.560185 0.011979 0.022222
1 0.861458 0.086111 0.030208 0.064815
1 0.138021 0.698611 0.044792 0.087963
1 0.094010 0.913889 0.023438 0.046296
1 0.200000 0.542130 0.012500 0.025000
1 0.407813 0.441667 0.020833 0.044444
1 0.237240 0.257407 0.018229 0.046296
