0 0.561979 0.597222 0.342708 0.587037
1 0.131250 0.723148 0.046875 0.094444
1 0.705208 0.026389 0.030208 0.049074
1 0.954427 0.219907 0.031771 0.047222
1 0.960417 0.585648 0.041667 0.043519
1 0.385417 0.775463 0.026042 0.036111
1 0.770312 0.913889 0.035417 0.055556
1 0.544792 0.895833 0.021875 0.045370
1 0.444792 0.960648 0.021875 0.050926
1 0.493750 0.855093 0.026042 0.052778
1 0.111198 0.545370 0.034896 0.057407
1 0.023438 0.068519 0.023958 0.066667
1 0.110156 0.053241 0.036979 0.054630
1 0.232552 0.284722 0.017188 0.049074
1 0.361458 0.396296 0.030208 0.055556
1 0.404687 0.466667 0.017708 0.035185
1 0.188021 0.768056 0.033333 0.071296
1 0.317188 0.825000 0.031250 0.055556
1 0.262760 0.641667 0.016146 0.024074
1 0.194010 0.563889 0.014063 0.025926
1 0.374219 0.618519 0.013021 0.046296
1 0.321094 0.584722 0.011979 0.023148
1 0.698698 0.301852 0.029687 0.038889
