0 0.561198 0.622685 0.335938 0.597222
1 0.021615 0.091204 0.024479 0.062037
1 0.110677 0.078704 0.039062 0.059259
1 0.622396 0.035648 0.020833 0.052778
1 0.383594 0.154167 0.022396 0.034259
1 0.701562 0.058333 0.031250 0.055556
1 0.951823 0.255556 0.033854 0.044444
1 0.311198 0.847222 0.030729 0.059259
1 0.125781 0.745370 0.038021 0.088889
1 0.108333 0.568519 0.036458 0.057407
1 0.358594 0.418056 0.029687 0.058333
1 0.380729 0.801852 0.025000 0.035185
1 0.762500 0.937963 0.037500 0.064815
1 0.539583 0.921759 0.021875 0.050926
1 0.490104 0.882870 0.025000 0.052778
1 0.190104 0.585648 0.015625 0.026852
1 0.182292 0.776389 0.029167 0.039815
1 0.694010 0.327778 0.030729 0.035185
1 0.258854 0.664352 0.015625 0.028704
1 0.369792 0.641204 0.015625 0.047222
1 0.508594 0.822222 0.019271 0.027778
1 0.084635 0.957407 0.020313 0.048148
1 0.955469 0.618056 0.033854 0.050926
1 0.400260 0.491667 0.019271 0.048148
1 0.772135 0.790741 0.015104 0.029630
