0 0.558073 0.651389 0.336979 0.595370
1 0.107292 0.102315 0.037500 0.060185
1 0.701562 0.084722 0.031250 0.052778
1 0.621094 0.067130 0.021354 0.050926
1 0.953646 0.647685 0.042708 0.050926
1 0.948958 0.287037 0.031250 0.040741
1 0.378125 0.827315 0.027083 0.034259
1 0.535937 0.949074 0.021875 0.050000
1 0.309375 0.878241 0.030208 0.058333
1 0.104688 0.588426 0.032292 0.050926
1 0.256510 0.689815 0.020313 0.024074
1 0.315365 0.631944 0.013021 0.028704
1 0.692708 0.358333 0.029167 0.037037
1 0.125781 0.764815 0.043229 0.094444
1 0.356771 0.446296 0.029167 0.064815
1 0.399219 0.517593 0.019271 0.048148
1 0.759896 0.966667 0.040625 0.057407
1 0.485156 0.908796 0.024479 0.049074
1 0.465365 0.900463 0.019271 0.045370
