0 0.556250 0.682407 0.328125 0.592593
0 0.510156 0.223611 0.315104 0.363889
1 0.022917 0.121296 0.025000 0.044444
1 0.111198 0.125926 0.038021 0.053704
1 0.355208 0.472222 0.031250 0.061111
1 0.106510 0.613426 0.033854 0.054630
1 0.701042 0.116667 0.032292 0.053704
1 0.620573 0.093981 0.022396 0.058333
1 0.950000 0.679630 0.037500 0.044444
1 0.462760 0.925926 0.019271 0.046296
1 0.482552 0.936111 0.022396 0.048148
1 0.533333 0.975463 0.019792 0.043519
1 0.125000 0.787963 0.043750 0.094444
1 0.950781 0.347222 0.033854 0.059259
1 0.663542 0.587963 0.019792 0.024074
1 0.377604 0.850926 0.022917 0.035185
1 0.307812 0.895833 0.032292 0.054630
1 0.256771 0.712963 0.015625 0.024074
1 0.188542 0.633796 0.015625 0.023148
1 0.691406 0.387500 0.030729 0.030556
1 0.179167 0.824074 0.032292 0.040741
1 0.367708 0.693519 0.016667 0.048148
