0 0.553125 0.706944 0.333333 0.576852
0 0.507812 0.259722 0.302083 0.375000
1 0.023438 0.139815 0.023958 0.038889
1 0.111198 0.144444 0.038021 0.062963
1 0.107292 0.631019 0.032292 0.067593
1 0.123698 0.808333 0.042188 0.092593
1 0.375521 0.872685 0.021875 0.032407
1 0.549479 0.948611 0.018750 0.041667
1 0.463021 0.947685 0.014583 0.049074
1 0.482031 0.953704 0.023438 0.050000
1 0.620573 0.121759 0.024479 0.052778
1 0.698698 0.143519 0.032813 0.055556
1 0.177083 0.843981 0.031250 0.039815
1 0.306250 0.916667 0.031250 0.050000
1 0.255208 0.734722 0.018750 0.025000
1 0.188281 0.656019 0.017188 0.025000
1 0.355990 0.493519 0.027604 0.055556
1 0.946094 0.343056 0.034896 0.041667
1 0.946615 0.697685 0.030729 0.041667
1 0.365885 0.713889 0.015104 0.044444
1 0.673438 0.027778 0.020833 0.031481
1 0.849740 0.240741 0.032813 0.064815
1 0.316406 0.682870 0.013021 0.032407
1 0.689063 0.409722 0.026042 0.032407
1 0.666146 0.613889 0.022917 0.029630
1 0.694792 0.788889 0.035417 0.068519
1 0.714063 0.945833 0.028125 0.047222
