0 0.550521 0.702778 0.328125 0.544444
0 0.506510 0.272222 0.304688 0.372222
1 0.109635 0.161574 0.044271 0.060185
1 0.697917 0.156481 0.031250 0.048148
1 0.945312 0.394444 0.031250 0.053704
1 0.101562 0.649537 0.031250 0.058333
1 0.118490 0.821759 0.042188 0.097222
1 0.371615 0.886574 0.022396 0.032407
1 0.303385 0.933796 0.030729 0.052778
1 0.252083 0.747685 0.016667 0.023148
1 0.362500 0.731019 0.014583 0.041667
1 0.968229 0.320833 0.027083 0.062037
1 0.672656 0.046296 0.024479 0.033333
1 0.283333 0.036111 0.027083 0.038889
1 0.183333 0.667593 0.015625 0.025926
1 0.354167 0.509259 0.028125 0.061111
1 0.478385 0.968981 0.024479 0.049074
1 0.545573 0.963889 0.020313 0.038889
1 0.687760 0.426389 0.028646 0.032407
1 0.943490 0.719907 0.038021 0.047222
1 0.619010 0.137963 0.022396 0.053704
1 0.174219 0.858796 0.033854 0.045370
1 0.020573 0.153704 0.028646 0.035185
1 0.227083 0.391204 0.019792 0.050926
1 0.310937 0.696296 0.010417 0.027778
1 0.847656 0.253241 0.031771 0.063889
