0 0.546354 0.712963 0.334375 0.550000
0 0.502083 0.282407 0.306250 0.355556
1 0.693750 0.168056 0.031250 0.049074
1 0.104688 0.168981 0.042708 0.063889
1 0.016927 0.162963 0.028646 0.035185
1 0.098437 0.651852 0.035417 0.057407
1 0.282031 0.047222 0.027604 0.044444
1 0.942969 0.404167 0.033854 0.058333
1 0.115885 0.828704 0.044271 0.092593
1 0.349740 0.517593 0.029687 0.053704
1 0.368750 0.898148 0.026042 0.033333
1 0.455208 0.970833 0.016667 0.049074
1 0.541667 0.974074 0.022917 0.037037
1 0.685417 0.437963 0.030208 0.027778
1 0.976562 0.854167 0.044792 0.050926
1 0.172656 0.870370 0.034896 0.051852
1 0.298958 0.946296 0.030208 0.055556
1 0.618229 0.148611 0.020833 0.050926
1 0.378125 0.255556 0.021875 0.038889
1 0.670052 0.056481 0.024479 0.038889
1 0.660156 0.640278 0.018229 0.030556
1 0.844531 0.264815 0.038021 0.066667
