0 0.407292 0.193056 0.210417 0.349074
0 0.424219 0.459259 0.291146 0.377778
0 0.427344 0.620833 0.308854 0.539815
1 0.705469 0.153704 0.041146 0.064815
1 0.767708 0.613426 0.039583 0.069444
1 0.625260 0.230093 0.032813 0.089815
1 0.836719 0.126389 0.026562 0.052778
1 0.191406 0.559722 0.041146 0.054630
1 0.296615 0.935648 0.043229 0.076852
1 0.658854 0.511111 0.026042 0.075926
1 0.042969 0.708333 0.027604 0.051852
1 0.109896 0.215278 0.025000 0.039815
1 0.661198 0.289815 0.032813 0.070370
1 0.632031 0.349537 0.035937 0.075000
1 0.839323 0.033333 0.035937 0.053704
