0 0.502604 0.294444 0.307292 0.361111
0 0.546615 0.721296 0.330729 0.538889
1 0.104167 0.174537 0.039583 0.062037
1 0.279948 0.051389 0.028646 0.041667
1 0.694010 0.176389 0.033854 0.050926
1 0.615365 0.159259 0.022396 0.055556
1 0.016406 0.168519 0.029687 0.037037
1 0.668750 0.065278 0.027083 0.041667
1 0.942187 0.412500 0.032292 0.060185
1 0.683073 0.445833 0.032813 0.030556
1 0.095052 0.662037 0.036979 0.064815
1 0.347396 0.531019 0.036458 0.067593
1 0.295052 0.954630 0.029687 0.057407
1 0.113021 0.843519 0.041667 0.100000
1 0.357292 0.750926 0.016667 0.048148
1 0.365365 0.907407 0.024479 0.033333
1 0.167187 0.877315 0.035417 0.047222
1 0.244792 0.765278 0.018750 0.025000
1 0.972917 0.869444 0.046875 0.062963
1 0.307031 0.712037 0.013021 0.025926
1 0.178385 0.681944 0.015104 0.025000
1 0.842969 0.274074 0.033854 0.066667
1 0.941406 0.741667 0.043229 0.042593
