0 0.503385 0.309722 0.314063 0.375000
0 0.513021 0.699074 0.273958 0.468519
1 0.355208 0.756944 0.015625 0.045370
1 0.938802 0.393056 0.039062 0.039815
1 0.680990 0.455093 0.029687 0.030556
1 0.345052 0.533333 0.028646 0.053704
1 0.294792 0.960648 0.032292 0.056481
1 0.110677 0.842593 0.043229 0.092593
1 0.939063 0.750463 0.036458 0.047222
1 0.973177 0.876389 0.046354 0.047222
1 0.100521 0.180093 0.040625 0.056481
1 0.691667 0.187037 0.030208 0.051852
1 0.611458 0.162963 0.026042 0.048148
1 0.666146 0.072685 0.022917 0.034259
1 0.166406 0.884722 0.030729 0.050926
1 0.363281 0.913426 0.022396 0.037963
1 0.656510 0.657870 0.023438 0.026852
1 0.245052 0.771759 0.016146 0.023148
1 0.095573 0.667130 0.030729 0.058333
1 0.268490 0.717130 0.014063 0.019444
1 0.277604 0.057870 0.026042 0.043519
1 0.176042 0.689815 0.016667 0.027778
1 0.384635 0.604167 0.017188 0.047222
1 0.840365 0.284722 0.031771 0.071296
1 0.373437 0.269444 0.025000 0.040741
