0 0.496615 0.316667 0.307812 0.372222
0 0.511719 0.713889 0.275521 0.483333
1 0.281250 0.066204 0.033333 0.047222
1 0.690104 0.193519 0.033333 0.048148
1 0.937760 0.433333 0.029687 0.059259
1 0.344271 0.538889 0.030208 0.059259
1 0.383594 0.606019 0.019271 0.050926
1 0.100260 0.187037 0.039062 0.062963
1 0.093229 0.674537 0.037500 0.060185
1 0.361719 0.917593 0.027604 0.035185
1 0.292187 0.963889 0.026042 0.051852
1 0.109115 0.848148 0.043229 0.096296
1 0.243229 0.775463 0.013542 0.023148
1 0.351823 0.762037 0.016146 0.044444
1 0.611979 0.171759 0.021875 0.050926
1 0.665365 0.079167 0.024479 0.036111
1 0.373437 0.275926 0.023958 0.042593
1 0.969792 0.881944 0.044792 0.050926
1 0.651823 0.667130 0.025521 0.034259
1 0.163802 0.893981 0.030729 0.069444
1 0.679167 0.462500 0.029167 0.030556
1 0.838281 0.292593 0.031771 0.068519
