0 0.495833 0.320833 0.304167 0.369444
0 0.509635 0.717130 0.273438 0.473148
1 0.097396 0.189352 0.036458 0.062037
1 0.275781 0.072685 0.028646 0.039815
1 0.091667 0.676852 0.033333 0.059259
1 0.662760 0.089352 0.022396 0.041667
1 0.965104 0.888889 0.044792 0.051852
1 0.675521 0.469907 0.033333 0.030556
1 0.688021 0.200926 0.029167 0.053704
1 0.370833 0.282407 0.025000 0.037037
1 0.290885 0.967593 0.030729 0.053704
1 0.107292 0.856944 0.039583 0.104630
1 0.352083 0.771296 0.015625 0.051852
1 0.240365 0.782870 0.019271 0.032407
1 0.165104 0.892593 0.033333 0.053704
1 0.931250 0.766667 0.037500 0.053704
1 0.934115 0.443519 0.029687 0.059259
1 0.650521 0.672685 0.020833 0.030556
1 0.172917 0.702315 0.014583 0.023148
1 0.140625 0.822222 0.028125 0.020370
1 0.341927 0.546296 0.030729 0.059259
1 0.941146 0.153241 0.014583 0.023148
1 0.611458 0.178241 0.023958 0.060185
1 0.837240 0.299537 0.033854 0.063889
