0 0.501563 0.343056 0.312500 0.387963
0 0.515365 0.732870 0.284896 0.487963
1 0.101562 0.203241 0.039583 0.069444
1 0.277344 0.082407 0.031771 0.046296
1 0.322656 0.078704 0.019271 0.051852
1 0.403906 0.048611 0.027604 0.050926
1 0.094792 0.688889 0.037500 0.055556
1 0.382031 0.625926 0.024479 0.050000
1 0.608594 0.192593 0.022396 0.057407
1 0.688021 0.214352 0.034375 0.054630
1 0.934375 0.456019 0.034375 0.060185
1 0.107292 0.861574 0.041667 0.097222
1 0.242708 0.791204 0.019792 0.025000
1 0.351562 0.777778 0.015625 0.048148
1 0.361198 0.931944 0.026562 0.032407
1 0.662500 0.100000 0.026042 0.035185
1 0.341927 0.563889 0.024479 0.042593
1 0.929167 0.775000 0.038542 0.044444
1 0.964323 0.901389 0.046354 0.054630
1 0.676823 0.482870 0.031771 0.036111
1 0.373437 0.293519 0.023958 0.038889
1 0.166406 0.913889 0.035937 0.070370
1 0.175000 0.708333 0.018750 0.027778
1 0.261979 0.339815 0.013542 0.044444
1 0.835417 0.309259 0.033333 0.062963
