0 0.499219 0.343981 0.296354 0.363889
0 0.514583 0.732407 0.275000 0.472222
1 0.279948 0.084259 0.028646 0.040741
1 0.322396 0.086574 0.017708 0.047222
1 0.403385 0.052778 0.028646 0.038889
1 0.343490 0.561574 0.027604 0.054630
1 0.385156 0.633333 0.018229 0.048148
1 0.610156 0.202315 0.028646 0.050926
1 0.665625 0.110185 0.023958 0.037037
1 0.688542 0.218981 0.033333 0.054630
1 0.932031 0.464815 0.035937 0.061111
1 0.092188 0.694444 0.034375 0.059259
1 0.108594 0.867593 0.044271 0.096296
1 0.361198 0.941204 0.025521 0.036111
1 0.244010 0.798148 0.018229 0.027778
1 0.353385 0.785648 0.016146 0.049074
1 0.101562 0.207407 0.041667 0.057407
1 0.677865 0.489352 0.031771 0.034259
1 0.963802 0.906481 0.048438 0.053704
1 0.372917 0.299074 0.020833 0.037037
1 0.165104 0.907870 0.033333 0.050926
1 0.837500 0.321759 0.036458 0.065741
