0 0.500000 0.343981 0.306250 0.369444
0 0.520052 0.744444 0.283854 0.470370
1 0.691146 0.224537 0.031250 0.049074
1 0.938021 0.470370 0.033333 0.055556
1 0.278646 0.090741 0.026042 0.038889
1 0.404167 0.057870 0.026042 0.043519
1 0.680208 0.496759 0.029167 0.030556
1 0.344531 0.568519 0.029687 0.051852
1 0.242448 0.804630 0.018229 0.025926
1 0.302083 0.753241 0.013542 0.025000
1 0.112500 0.872685 0.044792 0.089815
1 0.095052 0.698611 0.027604 0.056481
1 0.102083 0.214352 0.038542 0.054630
1 0.967969 0.919444 0.043229 0.053704
1 0.360677 0.946296 0.025521 0.035185
1 0.354687 0.793056 0.014583 0.049074
1 0.613542 0.202778 0.019792 0.055556
1 0.666927 0.110185 0.020313 0.029630
1 0.373437 0.300463 0.019792 0.045370
1 0.164323 0.918981 0.030729 0.058333
1 0.840885 0.326389 0.029687 0.067593
