0 0.491146 0.356481 0.285417 0.361111
0 0.516406 0.756481 0.272396 0.475926
1 0.280208 0.097685 0.028125 0.041667
1 0.325000 0.096296 0.020833 0.050000
1 0.403125 0.064815 0.025000 0.042593
1 0.101562 0.222222 0.040625 0.057407
1 0.094010 0.709722 0.038021 0.060185
1 0.385677 0.649537 0.017188 0.045370
1 0.695052 0.234722 0.028646 0.054630
1 0.616146 0.211574 0.021875 0.052778
1 0.941667 0.476852 0.033333 0.059259
1 0.669271 0.118519 0.020833 0.040741
1 0.347656 0.582870 0.025521 0.056481
1 0.109115 0.881944 0.045312 0.093519
1 0.149479 0.113426 0.021875 0.030556
1 0.682031 0.507407 0.028646 0.029630
1 0.361198 0.959259 0.022396 0.031481
1 0.970833 0.924537 0.048958 0.056481
1 0.376042 0.314352 0.025000 0.037963
1 0.354167 0.802315 0.015625 0.047222
1 0.241927 0.815278 0.015104 0.023148
1 0.164062 0.928241 0.033333 0.049074
1 0.654427 0.708333 0.019271 0.029630
1 0.664844 0.925926 0.028646 0.053704
1 0.842708 0.331944 0.033333 0.062037
