0 0.503646 0.363426 0.310417 0.352778
1 0.324479 0.102315 0.014583 0.043519
1 0.101562 0.228241 0.040625 0.045370
1 0.092969 0.720833 0.033854 0.058333
1 0.108594 0.898611 0.040104 0.100926
1 0.243490 0.827778 0.015104 0.027778
1 0.279687 0.109722 0.030208 0.052778
1 0.670573 0.128704 0.022396 0.038889
1 0.696615 0.247222 0.029687 0.053704
1 0.615625 0.225000 0.026042 0.055556
1 0.974740 0.945370 0.039062 0.044444
1 0.363021 0.974074 0.028125 0.033333
1 0.355469 0.815278 0.014063 0.041667
1 0.344531 0.591667 0.031771 0.062963
1 0.944792 0.494907 0.030208 0.058333
1 0.377083 0.325000 0.019792 0.031481
1 0.166146 0.943056 0.034375 0.047222
1 0.683854 0.518981 0.031250 0.028704
1 0.664323 0.944444 0.029687 0.055556
1 0.845833 0.346296 0.033333 0.064815
