0 0.504167 0.379630 0.307292 0.355556
1 0.098958 0.242593 0.042708 0.061111
1 0.374740 0.337963 0.024479 0.038889
1 0.280469 0.120370 0.028646 0.046296
1 0.325000 0.114815 0.016667 0.050000
1 0.698177 0.259259 0.033854 0.055556
1 0.618229 0.238426 0.020833 0.058333
1 0.091406 0.737037 0.032813 0.053704
1 0.670312 0.141204 0.022917 0.037963
1 0.344271 0.607870 0.031250 0.060185
1 0.386198 0.675926 0.019271 0.051852
1 0.944531 0.477315 0.031771 0.047222
1 0.943229 0.505556 0.042708 0.057407
1 0.975781 0.958333 0.042188 0.053704
1 0.354167 0.831944 0.014583 0.047222
1 0.106771 0.912500 0.043750 0.095370
1 0.241667 0.844444 0.018750 0.024074
1 0.684896 0.532407 0.030208 0.037037
1 0.942708 0.834259 0.041667 0.037037
1 0.264323 0.383333 0.014063 0.038889
1 0.148698 0.133796 0.020313 0.028704
1 0.846615 0.357407 0.028646 0.064815
